 1:   0.9800  0.0030  0.0170  1
 2:   0.9890  0.0040  0.0070  1
 3:   0.9890  0.0030  0.0080  1
 4:   0.9570  0.0100  0.0330  1
 5:   0.6830  0.0040  0.3130  1
 6:   0.7720  0.0090  0.2190  1
 7:   0.9520  0.0050  0.0430  1
 8:   0.9380  0.0090  0.0530  1
 9:   0.0030  0.9840  0.0130  1
10:   0.0280  0.9680  0.0040  1
11:   0.1379  0.5475  0.3147  1
12:   0.0040  0.7430  0.2530  1
13:   0.0040  0.5430  0.4530  1
14:   0.0050  0.5804  0.4146  1
15:   0.0030  0.5956  0.4014  1
16:   0.0030  0.5560  0.4410  1
17:   0.0040  0.5910  0.4050  1
18:   0.0030  0.5676  0.4294  1
19:   0.0050  0.6700  0.3250  1
20:   0.0100  0.9780  0.0120  1
21:   0.0090  0.9450  0.0460  1
22:   0.0080  0.9830  0.0090  1
23:   0.0050  0.1170  0.8780  1
24:   0.0040  0.5720  0.4240  1

 1:   0.9800  0.0030  0.0170  1
 2:   0.9890  0.0040  0.0070  1
 3:   0.9900  0.0030  0.0070  1
 4:   0.9600  0.0090  0.0310  1
 5:   0.6860  0.0040  0.3100  1
 6:   0.7740  0.0090  0.2170  1
 7:   0.9530  0.0040  0.0430  1
 8:   0.9340  0.0070  0.0590  1
 9:   0.0040  0.9830  0.0130  1
10:   0.0250  0.9710  0.0040  1
11:   0.1291  0.5375  0.3333  1
12:   0.0040  0.7403  0.2557  1
13:   0.0040  0.5370  0.4590  1
14:   0.0040  0.5740  0.4220  1
15:   0.0030  0.5926  0.4044  1
16:   0.0030  0.5500  0.4470  1
17:   0.0030  0.5900  0.4070  1
18:   0.0040  0.5610  0.4350  1
19:   0.0040  0.6680  0.3280  1
20:   0.0080  0.9820  0.0100  1
21:   0.0090  0.9430  0.0480  1
22:   0.0080  0.9850  0.0070  1
23:   0.0050  0.1000  0.8950  1
24:   0.0040  0.5660  0.4300  1

 1:   0.9840  0.0030  0.0130  1
 2:   0.9900  0.0040  0.0060  1
 3:   0.9900  0.0020  0.0080  1
 4:   0.9660  0.0090  0.0250  1
 5:   0.6830  0.0040  0.3130  1
 6:   0.7790  0.0100  0.2110  1
 7:   0.9580  0.0050  0.0370  1
 8:   0.9410  0.0070  0.0520  1
 9:   0.0040  0.9840  0.0120  1
10:   0.0280  0.9680  0.0040  1
11:   0.1269  0.5325  0.3407  1
12:   0.0030  0.7397  0.2573  1
13:   0.0040  0.5380  0.4580  1
14:   0.0050  0.5764  0.4186  1
15:   0.0030  0.5956  0.4014  1
16:   0.0030  0.5540  0.4430  1
17:   0.0040  0.5910  0.4050  1
18:   0.0040  0.5630  0.4330  1
19:   0.0040  0.6710  0.3250  1
20:   0.0090  0.9810  0.0100  1
21:   0.0080  0.9410  0.0510  1
22:   0.0080  0.9850  0.0070  1
23:   0.0050  0.1110  0.8840  1
24:   0.0040  0.5710  0.4250  1

 1:   0.9850  0.0030  0.0120  1
 2:   0.9900  0.0040  0.0060  1
 3:   0.9900  0.0030  0.0070  1
 4:   0.9690  0.0080  0.0230  1
 5:   0.6883  0.0040  0.3077  1
 6:   0.7790  0.0100  0.2110  1
 7:   0.9620  0.0040  0.0340  1
 8:   0.9430  0.0070  0.0500  1
 9:   0.0040  0.9840  0.0120  1
10:   0.0270  0.9680  0.0050  1
11:   0.1320  0.5410  0.3270  1
12:   0.0030  0.7420  0.2550  1
13:   0.0040  0.5385  0.4575  1
14:   0.0040  0.5750  0.4210  1
15:   0.0040  0.5954  0.4006  1
16:   0.0030  0.5516  0.4454  1
17:   0.0030  0.5856  0.4114  1
18:   0.0030  0.5670  0.4300  1
19:   0.0050  0.6730  0.3220  1
20:   0.0080  0.9820  0.0100  1
21:   0.0080  0.9461  0.0460  1
22:   0.0070  0.9860  0.0070  1
23:   0.0060  0.1140  0.8800  1
24:   0.0030  0.5690  0.4280  1

 1:   0.9790  0.0030  0.0180  1
 2:   0.9900  0.0040  0.0060  1
 3:   0.9890  0.0030  0.0080  1
 4:   0.9620  0.0110  0.0270  1
 5:   0.6867  0.0030  0.3103  1
 6:   0.7762  0.0090  0.2148  1
 7:   0.9530  0.0050  0.0420  1
 8:   0.9360  0.0070  0.0570  1
 9:   0.0040  0.9800  0.0160  1
10:   0.0310  0.9620  0.0070  1
11:   0.1330  0.5420  0.3250  1
12:   0.0040  0.7430  0.2530  1
13:   0.0040  0.5410  0.4550  1
14:   0.0050  0.5770  0.4180  1
15:   0.0030  0.5976  0.3994  1
16:   0.0030  0.5560  0.4410  1
17:   0.0030  0.5886  0.4084  1
18:   0.0040  0.5674  0.4286  1
19:   0.0050  0.6683  0.3267  1
20:   0.0120  0.9760  0.0120  1
21:   0.0070  0.9469  0.0460  1
22:   0.0090  0.9840  0.0070  1
23:   0.0050  0.1200  0.8750  1
24:   0.0030  0.5706  0.4264  1

