 1:   0.0050  0.0040  0.9800  0.0090  0.0020  1
 2:   0.0040  0.0050  0.9860  0.0030  0.0020  1
 3:   0.0040  0.0040  0.9870  0.0040  0.0010  1
 4:   0.0140  0.0130  0.9540  0.0150  0.0040  1
 5:   0.0120  0.0260  0.6800  0.2800  0.0020  1
 6:   0.0120  0.0320  0.7670  0.1840  0.0050  1
 7:   0.0090  0.0060  0.9550  0.0280  0.0020  1
 8:   0.0100  0.0160  0.9349  0.0360  0.0030  1
 9:   0.0040  0.0040  0.0020  0.0060  0.9840  1
10:   0.0230  0.0210  0.0100  0.0020  0.9441  1
11:   0.1300  0.2310  0.0190  0.1840  0.4360  1
12:   0.0090  0.0080  0.0020  0.2422  0.7387  1
13:   0.0050  0.0070  0.0020  0.4490  0.5370  1
14:   0.0080  0.0050  0.0020  0.4180  0.5670  1
15:   0.0040  0.0040  0.0020  0.4070  0.5830  1
16:   0.0040  0.0040  0.0020  0.4470  0.5430  1
17:   0.0040  0.0040  0.0020  0.4100  0.5800  1
18:   0.0040  0.0080  0.0020  0.4334  0.5526  1
19:   0.0070  0.0070  0.0020  0.3237  0.6603  1
20:   0.0080  0.0080  0.0040  0.0050  0.9750  1
21:   0.0140  0.0120  0.0050  0.0200  0.9490  1
22:   0.0070  0.0080  0.0040  0.0040  0.9770  1
23:   0.0170  0.0260  0.0020  0.8861  0.0689  1
24:   0.0040  0.0050  0.0020  0.4330  0.5560  1

 1:   0.0040  0.0040  0.9850  0.0050  0.0020  1
 2:   0.0040  0.0030  0.9880  0.0030  0.0020  1
 3:   0.0020  0.0030  0.9910  0.0030  0.0010  1
 4:   0.0120  0.0120  0.9630  0.0100  0.0030  1
 5:   0.0040  0.0060  0.6900  0.2980  0.0020  1
 6:   0.0160  0.0170  0.7710  0.1920  0.0040  1
 7:   0.0090  0.0080  0.9660  0.0150  0.0020  1
 8:   0.0160  0.0160  0.9419  0.0230  0.0030  1
 9:   0.0040  0.0040  0.0020  0.0060  0.9840  1
10:   0.0280  0.0230  0.0080  0.0020  0.9390  1
11:   0.1522  0.2503  0.0120  0.1952  0.3904  1
12:   0.0050  0.0060  0.0020  0.2547  0.7323  1
13:   0.0050  0.0080  0.0020  0.4565  0.5285  1
14:   0.0090  0.0070  0.0020  0.4264  0.5556  1
15:   0.0050  0.0040  0.0020  0.4086  0.5804  1
16:   0.0040  0.0040  0.0020  0.4520  0.5380  1
17:   0.0050  0.0040  0.0020  0.4150  0.5740  1
18:   0.0170  0.0050  0.0020  0.4256  0.5504  1
19:   0.0170  0.0040  0.0020  0.3123  0.6647  1
20:   0.0110  0.0110  0.0030  0.0040  0.9710  1
21:   0.0090  0.0110  0.0060  0.0310  0.9431  1
22:   0.0080  0.0080  0.0020  0.0040  0.9780  1
23:   0.0380  0.0150  0.0030  0.8880  0.0560  1
24:   0.0040  0.0040  0.0020  0.4354  0.5546  1

 1:   0.0040  0.0050  0.9820  0.0070  0.0020  1
 2:   0.0040  0.0040  0.9870  0.0030  0.0020  1
 3:   0.0030  0.0030  0.9900  0.0030  0.0010  1
 4:   0.0130  0.0110  0.9600  0.0120  0.0040  1
 5:   0.0190  0.0050  0.6850  0.2890  0.0020  1
 6:   0.0190  0.0290  0.7708  0.1762  0.0050  1
 7:   0.0080  0.0080  0.9640  0.0170  0.0030  1
 8:   0.0160  0.0150  0.9399  0.0250  0.0040  1
 9:   0.0040  0.0050  0.0020  0.0060  0.9830  1
10:   0.0210  0.0270  0.0090  0.0020  0.9410  1
11:   0.1600  0.1930  0.0230  0.1960  0.4280  1
12:   0.0060  0.0070  0.0020  0.2503  0.7347  1
13:   0.0070  0.0070  0.0020  0.4550  0.5290  1
14:   0.0070  0.0080  0.0020  0.4240  0.5590  1
15:   0.0040  0.0040  0.0020  0.4056  0.5844  1
16:   0.0040  0.0040  0.0020  0.4520  0.5380  1
17:   0.0040  0.0040  0.0020  0.4140  0.5760  1
18:   0.0040  0.0040  0.0020  0.4384  0.5516  1
19:   0.0050  0.0040  0.0020  0.3260  0.6630  1
20:   0.0110  0.0090  0.0040  0.0050  0.9710  1
21:   0.0130  0.0150  0.0040  0.0230  0.9450  1
22:   0.0060  0.0060  0.0040  0.0040  0.9800  1
23:   0.0110  0.0190  0.0030  0.8969  0.0701  1
24:   0.0040  0.0040  0.0020  0.4350  0.5550  1

 1:   0.0040  0.0040  0.9830  0.0080  0.0010  1
 2:   0.0040  0.0050  0.9850  0.0040  0.0020  1
 3:   0.0030  0.0030  0.9900  0.0030  0.0010  1
 4:   0.0090  0.0110  0.9650  0.0120  0.0030  1
 5:   0.0050  0.0070  0.6873  0.2987  0.0020  1
 6:   0.0130  0.0160  0.7672  0.1978  0.0060  1
 7:   0.0070  0.0070  0.9690  0.0150  0.0020  1
 8:   0.0130  0.0120  0.9469  0.0250  0.0030  1
 9:   0.0050  0.0050  0.0020  0.0060  0.9820  1
10:   0.0230  0.0260  0.0100  0.0020  0.9390  1
11:   0.1119  0.1818  0.0330  0.2408  0.4326  1
12:   0.0070  0.0050  0.0020  0.2540  0.7320  1
13:   0.0070  0.0050  0.0020  0.4575  0.5285  1
14:   0.0080  0.0050  0.0020  0.4264  0.5586  1
15:   0.0040  0.0040  0.0010  0.4124  0.5786  1
16:   0.0030  0.0040  0.0020  0.4515  0.5395  1
17:   0.0040  0.0050  0.0020  0.4096  0.5794  1
18:   0.0050  0.0030  0.0020  0.4404  0.5495  1
19:   0.0060  0.0100  0.0020  0.3220  0.6600  1
20:   0.0120  0.0120  0.0040  0.0050  0.9670  1
21:   0.0160  0.0130  0.0050  0.0260  0.9400  1
22:   0.0070  0.0080  0.0040  0.0040  0.9770  1
23:   0.0150  0.0070  0.0030  0.8990  0.0760  1
24:   0.0040  0.0040  0.0020  0.4370  0.5530  1

 1:   0.0040  0.0040  0.9860  0.0050  0.0010  1
 2:   0.0040  0.0040  0.9870  0.0030  0.0020  1
 3:   0.0030  0.0030  0.9900  0.0030  0.0010  1
 4:   0.0100  0.0110  0.9670  0.0080  0.0040  1
 5:   0.0040  0.0040  0.6850  0.3050  0.0020  1
 6:   0.0210  0.0130  0.7660  0.1960  0.0040  1
 7:   0.0070  0.0060  0.9690  0.0160  0.0020  1
 8:   0.0150  0.0130  0.9460  0.0230  0.0030  1
 9:   0.0040  0.0040  0.0020  0.0090  0.9810  1
10:   0.0280  0.0220  0.0080  0.0020  0.9399  1
11:   0.1469  0.2218  0.0120  0.1928  0.4266  1
12:   0.0070  0.0060  0.0020  0.2488  0.7363  1
13:   0.0080  0.0060  0.0020  0.4500  0.5340  1
14:   0.0070  0.0060  0.0020  0.4230  0.5620  1
15:   0.0040  0.0050  0.0020  0.4062  0.5828  1
16:   0.0040  0.0040  0.0010  0.4510  0.5400  1
17:   0.0040  0.0030  0.0020  0.4126  0.5784  1
18:   0.0040  0.0040  0.0020  0.4360  0.5540  1
19:   0.0060  0.0150  0.0020  0.3100  0.6670  1
20:   0.0100  0.0090  0.0040  0.0040  0.9730  1
21:   0.0150  0.0110  0.0040  0.0250  0.9451  1
22:   0.0060  0.0050  0.0050  0.0030  0.9810  1
23:   0.0190  0.0300  0.0030  0.8800  0.0680  1
24:   0.0050  0.0030  0.0010  0.4330  0.5580  1

