 1:   0.0110  0.0070  0.9800  0.0020  1
 2:   0.0040  0.0060  0.9880  0.0020  1
 3:   0.0050  0.0040  0.9890  0.0020  1
 4:   0.0160  0.0190  0.9600  0.0050  1
 5:   0.3080  0.0070  0.6830  0.0020  1
 6:   0.2010  0.0240  0.7690  0.0060  1
 7:   0.0260  0.0120  0.9590  0.0030  1
 8:   0.0320  0.0260  0.9370  0.0050  1
 9:   0.0100  0.0060  0.0030  0.9810  1
10:   0.0030  0.0430  0.0140  0.9399  1
11:   0.2060  0.3260  0.0270  0.4410  1
12:   0.2517  0.0070  0.0030  0.7383  1
13:   0.4525  0.0070  0.0030  0.5375  1
14:   0.4110  0.0080  0.0030  0.5780  1
15:   0.4030  0.0050  0.0020  0.5900  1
16:   0.4400  0.0050  0.0020  0.5530  1
17:   0.4040  0.0050  0.0020  0.5890  1
18:   0.4336  0.0060  0.0020  0.5584  1
19:   0.3220  0.0060  0.0030  0.6690  1
20:   0.0070  0.0170  0.0070  0.9690  1
21:   0.0370  0.0160  0.0060  0.9410  1
22:   0.0050  0.0080  0.0060  0.9810  1
23:   0.8850  0.0130  0.0030  0.0990  1
24:   0.4290  0.0060  0.0020  0.5630  1

 1:   0.0100  0.0050  0.9830  0.0020  1
 2:   0.0030  0.0050  0.9900  0.0020  1
 3:   0.0040  0.0030  0.9910  0.0020  1
 4:   0.0150  0.0120  0.9680  0.0050  1
 5:   0.3080  0.0080  0.6820  0.0020  1
 6:   0.2022  0.0220  0.7708  0.0050  1
 7:   0.0230  0.0100  0.9640  0.0030  1
 8:   0.0290  0.0200  0.9460  0.0050  1
 9:   0.0070  0.0060  0.0020  0.9850  1
10:   0.0030  0.0210  0.0180  0.9580  1
11:   0.2392  0.2412  0.0430  0.4765  1
12:   0.2503  0.0050  0.0020  0.7427  1
13:   0.4434  0.0070  0.0020  0.5475  1
14:   0.4090  0.0070  0.0030  0.5810  1
15:   0.4020  0.0050  0.0020  0.5910  1
16:   0.4410  0.0040  0.0020  0.5530  1
17:   0.4060  0.0050  0.0020  0.5870  1
18:   0.4256  0.0050  0.0030  0.5664  1
19:   0.3230  0.0070  0.0020  0.6680  1
20:   0.0080  0.0130  0.0040  0.9750  1
21:   0.0290  0.0140  0.0060  0.9510  1
22:   0.0050  0.0090  0.0050  0.9810  1
23:   0.8810  0.0140  0.0030  0.1020  1
24:   0.4250  0.0050  0.0020  0.5680  1

 1:   0.0100  0.0060  0.9820  0.0020  1
 2:   0.0040  0.0050  0.9890  0.0020  1
 3:   0.0030  0.0040  0.9910  0.0020  1
 4:   0.0190  0.0180  0.9580  0.0050  1
 5:   0.3050  0.0060  0.6870  0.0020  1
 6:   0.1930  0.0300  0.7710  0.0060  1
 7:   0.0260  0.0100  0.9610  0.0030  1
 8:   0.0400  0.0140  0.9410  0.0050  1
 9:   0.0090  0.0060  0.0020  0.9830  1
10:   0.0030  0.0300  0.0150  0.9520  1
11:   0.2242  0.3053  0.0270  0.4434  1
12:   0.2513  0.0070  0.0020  0.7397  1
13:   0.4515  0.0080  0.0030  0.5375  1
14:   0.4166  0.0080  0.0030  0.5724  1
15:   0.4010  0.0060  0.0020  0.5910  1
16:   0.4450  0.0040  0.0020  0.5490  1
17:   0.4054  0.0050  0.0020  0.5876  1
18:   0.4330  0.0060  0.0020  0.5590  1
19:   0.3210  0.0070  0.0030  0.6690  1
20:   0.0060  0.0120  0.0060  0.9760  1
21:   0.0320  0.0190  0.0050  0.9440  1
22:   0.0050  0.0100  0.0050  0.9800  1
23:   0.8780  0.0190  0.0030  0.1000  1
24:   0.4250  0.0060  0.0030  0.5660  1

 1:   0.0080  0.0050  0.9850  0.0020  1
 2:   0.0040  0.0050  0.9890  0.0020  1
 3:   0.0040  0.0040  0.9900  0.0020  1
 4:   0.0140  0.0160  0.9660  0.0040  1
 5:   0.3000  0.0060  0.6920  0.0020  1
 6:   0.2060  0.0170  0.7730  0.0040  1
 7:   0.0220  0.0080  0.9670  0.0030  1
 8:   0.0350  0.0150  0.9451  0.0050  1
 9:   0.0070  0.0050  0.0020  0.9860  1
10:   0.0030  0.0200  0.0150  0.9620  1
11:   0.3060  0.1830  0.0560  0.4550  1
12:   0.2670  0.0060  0.0020  0.7250  1
13:   0.4700  0.0050  0.0020  0.5230  1
14:   0.4390  0.0070  0.0030  0.5510  1
15:   0.4160  0.0060  0.0020  0.5760  1
16:   0.4590  0.0050  0.0020  0.5340  1
17:   0.4234  0.0040  0.0020  0.5706  1
18:   0.4480  0.0050  0.0020  0.5450  1
19:   0.3320  0.0080  0.0030  0.6570  1
20:   0.0070  0.0080  0.0050  0.9800  1
21:   0.0350  0.0140  0.0070  0.9440  1
22:   0.0050  0.0090  0.0050  0.9810  1
23:   0.9360  0.0270  0.0030  0.0340  1
24:   0.4476  0.0060  0.0020  0.5445  1

 1:   0.0090  0.0060  0.9830  0.0020  1
 2:   0.0040  0.0050  0.9890  0.0020  1
 3:   0.0050  0.0040  0.9890  0.0020  1
 4:   0.0160  0.0160  0.9620  0.0060  1
 5:   0.3080  0.0080  0.6820  0.0020  1
 6:   0.2028  0.0220  0.7682  0.0070  1
 7:   0.0280  0.0090  0.9600  0.0030  1
 8:   0.0390  0.0180  0.9380  0.0050  1
 9:   0.0080  0.0050  0.0030  0.9840  1
10:   0.0030  0.0370  0.0160  0.9440  1
11:   0.2370  0.2640  0.0420  0.4570  1
12:   0.2410  0.0150  0.0020  0.7420  1
13:   0.4550  0.0080  0.0020  0.5350  1
14:   0.4160  0.0070  0.0030  0.5740  1
15:   0.4020  0.0060  0.0020  0.5900  1
16:   0.4406  0.0050  0.0020  0.5524  1
17:   0.4070  0.0050  0.0020  0.5860  1
18:   0.4284  0.0050  0.0020  0.5646  1
19:   0.3160  0.0110  0.0030  0.6700  1
20:   0.0080  0.0140  0.0060  0.9720  1
21:   0.0350  0.0160  0.0060  0.9429  1
22:   0.0050  0.0090  0.0050  0.9810  1
23:   0.8690  0.0260  0.0040  0.1010  1
24:   0.4226  0.0060  0.0030  0.5684  1

