 1:   0.0010  0.9850  0.0140  1
 2:   0.0010  0.9930  0.0060  1
 3:   0.3690  0.6300  0.0010  1
 4:   0.0010  0.9510  0.0480  1
 5:   0.0010  0.9270  0.0720  1
 6:   0.0010  0.9700  0.0290  1
 7:   0.0010  0.9430  0.0560  1
 8:   0.0010  0.9690  0.0300  1
 9:   0.7170  0.1340  0.1490  1
10:   0.4795  0.1882  0.3323  1
11:   0.5030  0.4130  0.0840  1
12:   0.3744  0.0691  0.5566  1
13:   0.0100  0.5170  0.4730  1
14:   0.0020  0.6130  0.3850  1
15:   0.0010  0.4970  0.5020  1
16:   0.0010  0.4700  0.5290  1
17:   0.8890  0.0070  0.1040  1
18:   0.0010  0.4925  0.5065  1
19:   0.0260  0.3500  0.6240  1
20:   0.0010  0.1748  0.8242  1
21:   0.9940  0.0020  0.0040  1
22:   0.2040  0.1830  0.6130  1
23:   0.0010  0.5225  0.4765  1
24:   0.0030  0.4450  0.5520  1

 1:   0.0010  0.9940  0.0050  1
 2:   0.0010  0.9960  0.0030  1
 3:   0.3590  0.6400  0.0010  1
 4:   0.0010  0.9750  0.0240  1
 5:   0.0010  0.9481  0.0509  1
 6:   0.0010  0.9840  0.0150  1
 7:   0.0010  0.9680  0.0310  1
 8:   0.0010  0.9840  0.0150  1
 9:   0.7030  0.1750  0.1220  1
10:   0.4725  0.2282  0.2993  1
11:   0.5065  0.4434  0.0501  1
12:   0.3510  0.0810  0.5680  1
13:   0.0110  0.5430  0.4460  1
14:   0.0020  0.6400  0.3580  1
15:   0.0010  0.5310  0.4680  1
16:   0.0010  0.5070  0.4920  1
17:   0.8681  0.0150  0.1169  1
18:   0.0010  0.5350  0.4640  1
19:   0.0200  0.3890  0.5910  1
20:   0.0010  0.2150  0.7840  1
21:   0.9930  0.0010  0.0060  1
22:   0.2010  0.2210  0.5780  1
23:   0.0010  0.5460  0.4530  1
24:   0.0020  0.4720  0.5260  1

 1:   0.0010  0.9960  0.0030  1
 2:   0.0010  0.9960  0.0030  1
 3:   0.3700  0.6290  0.0010  1
 4:   0.0010  0.9580  0.0410  1
 5:   0.0010  0.9310  0.0680  1
 6:   0.0010  0.9870  0.0120  1
 7:   0.0010  0.9460  0.0530  1
 8:   0.0010  0.9800  0.0190  1
 9:   0.7380  0.1370  0.1250  1
10:   0.4880  0.2030  0.3090  1
11:   0.5240  0.4250  0.0510  1
12:   0.3630  0.0630  0.5740  1
13:   0.0060  0.5250  0.4690  1
14:   0.0020  0.6180  0.3800  1
15:   0.0010  0.5005  0.4985  1
16:   0.0010  0.4740  0.5250  1
17:   0.9310  0.0060  0.0630  1
18:   0.0020  0.5050  0.4930  1
19:   0.0280  0.3540  0.6180  1
20:   0.0010  0.1792  0.8198  1
21:   0.9970  0.0010  0.0020  1
22:   0.2160  0.1830  0.6010  1
23:   0.0010  0.5255  0.4735  1
24:   0.0030  0.4515  0.5455  1

 1:   0.0010  0.9910  0.0080  1
 2:   0.0010  0.9970  0.0020  1
 3:   0.3626  0.6354  0.0020  1
 4:   0.0010  0.9580  0.0410  1
 5:   0.0010  0.9310  0.0680  1
 6:   0.0010  0.9890  0.0100  1
 7:   0.0010  0.9491  0.0500  1
 8:   0.0010  0.9810  0.0180  1
 9:   0.7150  0.1630  0.1220  1
10:   0.4700  0.2130  0.3170  1
11:   0.4930  0.4210  0.0860  1
12:   0.3680  0.0730  0.5590  1
13:   0.0150  0.5315  0.4535  1
14:   0.0020  0.6240  0.3740  1
15:   0.0010  0.5110  0.4880  1
16:   0.0010  0.4850  0.5140  1
17:   0.8820  0.0050  0.1130  1
18:   0.0010  0.5110  0.4880  1
19:   0.0250  0.3630  0.6120  1
20:   0.0010  0.1840  0.8150  1
21:   0.9960  0.0010  0.0030  1
22:   0.2010  0.1930  0.6060  1
23:   0.0010  0.5325  0.4665  1
24:   0.0030  0.4590  0.5380  1

 1:   0.0010  0.9860  0.0130  1
 2:   0.0010  0.9960  0.0030  1
 3:   0.3670  0.6320  0.0010  1
 4:   0.0010  0.9500  0.0490  1
 5:   0.0010  0.9330  0.0660  1
 6:   0.0010  0.9740  0.0250  1
 7:   0.0010  0.9510  0.0480  1
 8:   0.0010  0.9700  0.0290  1
 9:   0.7230  0.1350  0.1420  1
10:   0.4780  0.2040  0.3180  1
11:   0.5105  0.4196  0.0699  1
12:   0.3560  0.0420  0.6020  1
13:   0.0110  0.5125  0.4765  1
14:   0.0020  0.6166  0.3814  1
15:   0.0020  0.5045  0.4935  1
16:   0.0010  0.4770  0.5220  1
17:   0.8980  0.0060  0.0960  1
18:   0.0010  0.5090  0.4900  1
19:   0.0180  0.3600  0.6220  1
20:   0.0010  0.1918  0.8072  1
21:   0.9950  0.0020  0.0030  1
22:   0.1968  0.1948  0.6084  1
23:   0.0010  0.5265  0.4725  1
24:   0.0020  0.4484  0.5495  1

