 1:   0.0040  0.0010  0.0000  0.4765  0.5185  1
 2:   0.0030  0.0000  0.0000  0.4995  0.4975  1
 3:   0.0010  0.0000  0.2743  0.4184  0.3063  1
 4:   0.0220  0.0010  0.0010  0.4930  0.4830  1
 5:   0.0631  0.0000  0.0010  0.4935  0.4424  1
 6:   0.0260  0.0010  0.0010  0.5105  0.4615  1
 7:   0.0380  0.0000  0.0010  0.4825  0.4785  1
 8:   0.0200  0.0010  0.0000  0.4970  0.4820  1
 9:   0.0759  0.0020  0.5255  0.3946  0.0020  1
10:   0.2178  0.0030  0.3546  0.4126  0.0120  1
11:   0.0740  0.0050  0.3740  0.4310  0.1160  1
12:   0.0000  0.5576  0.0020  0.4404  0.0000  1
13:   0.3360  0.0310  0.0030  0.4880  0.1420  1
14:   0.2673  0.0030  0.0010  0.5085  0.2202  1
15:   0.3890  0.0010  0.0010  0.4670  0.1420  1
16:   0.3690  0.0010  0.0010  0.5160  0.1130  1
17:   0.0030  0.0050  0.6370  0.3550  0.0000  1
18:   0.4080  0.0000  0.0010  0.4740  0.1170  1
19:   0.4765  0.0010  0.0080  0.4665  0.0480  1
20:   0.4940  0.0010  0.0010  0.5030  0.0010  1
21:   0.0010  0.0020  0.7070  0.2900  0.0000  1
22:   0.4140  0.0010  0.1340  0.4470  0.0040  1
23:   0.3540  0.0130  0.0010  0.4720  0.1600  1
24:   0.4340  0.0140  0.0010  0.4050  0.1460  1

 1:   0.0090  0.0010  0.0010  0.9830  0.0060  1
 2:   0.0030  0.0010  0.0000  0.9950  0.0010  1
 3:   0.0010  0.0010  0.3706  0.6254  0.0020  1
 4:   0.0530  0.0010  0.0010  0.9420  0.0030  1
 5:   0.0919  0.0010  0.0000  0.9031  0.0040  1
 6:   0.0210  0.0010  0.0010  0.9740  0.0030  1
 7:   0.0910  0.0000  0.0010  0.9070  0.0010  1
 8:   0.0130  0.0020  0.0000  0.9830  0.0020  1
 9:   0.1600  0.0010  0.7120  0.1250  0.0020  1
10:   0.3320  0.0050  0.4680  0.1930  0.0020  1
11:   0.1171  0.0020  0.4825  0.3864  0.0120  1
12:   0.1950  0.7840  0.0020  0.0080  0.0110  1
13:   0.3594  0.0220  0.0020  0.4675  0.1491  1
14:   0.3690  0.0080  0.0010  0.6130  0.0090  1
15:   0.4900  0.0010  0.0010  0.4890  0.0190  1
16:   0.5310  0.0010  0.0010  0.4650  0.0020  1
17:   0.1439  0.0040  0.8472  0.0010  0.0040  1
18:   0.4700  0.0010  0.0010  0.4810  0.0470  1
19:   0.5175  0.0010  0.0010  0.2677  0.2128  1
20:   0.8490  0.0010  0.0010  0.1480  0.0010  1
21:   0.0050  0.0010  0.9770  0.0010  0.0160  1
22:   0.5930  0.0010  0.2350  0.1580  0.0130  1
23:   0.3830  0.0030  0.0000  0.4930  0.1210  1
24:   0.3870  0.0040  0.0010  0.3590  0.2490  1

 1:   0.0020  0.0010  0.0000  0.9920  0.0050  1
 2:   0.0020  0.0000  0.0010  0.9960  0.0010  1
 3:   0.0010  0.0010  0.3646  0.6304  0.0030  1
 4:   0.0440  0.0010  0.0000  0.9540  0.0010  1
 5:   0.0659  0.0010  0.0010  0.9221  0.0100  1
 6:   0.0040  0.0020  0.0000  0.9890  0.0050  1
 7:   0.0740  0.0000  0.0010  0.9240  0.0010  1
 8:   0.0100  0.0020  0.0000  0.9830  0.0050  1
 9:   0.1480  0.0020  0.7180  0.1200  0.0120  1
10:   0.3070  0.0050  0.4730  0.2110  0.0040  1
11:   0.0931  0.0050  0.4875  0.4124  0.0020  1
12:   0.1680  0.7920  0.0170  0.0200  0.0030  1
13:   0.3300  0.0290  0.0010  0.4890  0.1510  1
14:   0.3420  0.0100  0.0030  0.6410  0.0040  1
15:   0.4670  0.0030  0.0000  0.5250  0.0050  1
16:   0.4990  0.0030  0.0010  0.4960  0.0010  1
17:   0.1390  0.0030  0.8490  0.0020  0.0070  1
18:   0.4386  0.0010  0.0020  0.5085  0.0500  1
19:   0.4860  0.0010  0.0010  0.2810  0.2310  1
20:   0.8100  0.0010  0.0010  0.1870  0.0010  1
21:   0.0170  0.0020  0.9690  0.0000  0.0120  1
22:   0.5520  0.0000  0.2490  0.1960  0.0030  1
23:   0.3696  0.0090  0.0010  0.5135  0.1069  1
24:   0.3606  0.0070  0.0010  0.3776  0.2537  1

 1:   0.0020  0.0000  0.0010  0.4790  0.5180  1
 2:   0.0010  0.0000  0.0000  0.4990  0.5000  1
 3:   0.0010  0.0000  0.2690  0.4250  0.3050  1
 4:   0.0170  0.0010  0.0010  0.4830  0.4980  1
 5:   0.0581  0.0000  0.0000  0.4960  0.4459  1
 6:   0.0130  0.0010  0.0010  0.5060  0.4790  1
 7:   0.0380  0.0000  0.0010  0.4905  0.4705  1
 8:   0.0180  0.0010  0.0000  0.4940  0.4870  1
 9:   0.0890  0.0010  0.5090  0.3990  0.0020  1
10:   0.2270  0.0030  0.3440  0.4200  0.0060  1
11:   0.0900  0.0060  0.3620  0.4310  0.1110  1
12:   0.0010  0.5586  0.0020  0.4384  0.0000  1
13:   0.3440  0.0270  0.0040  0.4940  0.1310  1
14:   0.2683  0.0040  0.0030  0.5065  0.2182  1
15:   0.3930  0.0010  0.0010  0.4660  0.1390  1
16:   0.3786  0.0010  0.0010  0.5135  0.1059  1
17:   0.0020  0.0090  0.6300  0.3590  0.0000  1
18:   0.4060  0.0010  0.0010  0.4820  0.1100  1
19:   0.4980  0.0010  0.0050  0.4670  0.0290  1
20:   0.5005  0.0010  0.0010  0.4965  0.0010  1
21:   0.0020  0.0010  0.7013  0.2947  0.0010  1
22:   0.4250  0.0010  0.1170  0.4550  0.0020  1
23:   0.3550  0.0120  0.0010  0.4800  0.1520  1
24:   0.4410  0.0090  0.0010  0.4100  0.1390  1

 1:   0.0010  0.0020  0.0000  0.9920  0.0050  1
 2:   0.0040  0.0000  0.0010  0.9930  0.0020  1
 3:   0.0010  0.0000  0.3660  0.6300  0.0030  1
 4:   0.0310  0.0010  0.0000  0.9670  0.0010  1
 5:   0.0681  0.0000  0.0000  0.9279  0.0040  1
 6:   0.0050  0.0010  0.0010  0.9890  0.0040  1
 7:   0.0660  0.0000  0.0010  0.9320  0.0010  1
 8:   0.0060  0.0010  0.0000  0.9900  0.0030  1
 9:   0.1080  0.0010  0.7310  0.1510  0.0090  1
10:   0.2820  0.0070  0.4870  0.2180  0.0060  1
11:   0.0599  0.0040  0.5045  0.4256  0.0060  1
12:   0.1508  0.7842  0.0180  0.0430  0.0040  1
13:   0.2980  0.0310  0.0040  0.5080  0.1590  1
14:   0.3153  0.0130  0.0010  0.6557  0.0150  1
15:   0.4404  0.0020  0.0010  0.5485  0.0080  1
16:   0.4780  0.0020  0.0010  0.5180  0.0010  1
17:   0.1159  0.0040  0.8741  0.0030  0.0030  1
18:   0.4170  0.0010  0.0010  0.5350  0.0460  1
19:   0.4620  0.0010  0.0020  0.3160  0.2190  1
20:   0.7930  0.0010  0.0010  0.2040  0.0010  1
21:   0.0040  0.0010  0.9890  0.0010  0.0050  1
22:   0.5300  0.0010  0.2550  0.2050  0.0090  1
23:   0.3534  0.0080  0.0000  0.5415  0.0971  1
24:   0.3480  0.0070  0.0000  0.3940  0.2510  1

