 1:   0.0010  0.0010  0.9960  0.0020  1
 2:   0.0010  0.0000  0.9970  0.0020  1
 3:   0.3610  0.0000  0.6380  0.0010  1
 4:   0.0010  0.0010  0.9590  0.0390  1
 5:   0.0000  0.0010  0.9229  0.0761  1
 6:   0.0000  0.0010  0.9930  0.0060  1
 7:   0.0010  0.0000  0.9400  0.0590  1
 8:   0.0010  0.0010  0.9790  0.0190  1
 9:   0.6913  0.0020  0.1419  0.1648  1
10:   0.4635  0.0030  0.2198  0.3137  1
11:   0.4950  0.0040  0.4350  0.0660  1
12:   0.0710  0.6440  0.1010  0.1840  1
13:   0.0090  0.0400  0.5380  0.4130  1
14:   0.0010  0.0060  0.6380  0.3550  1
15:   0.0010  0.0010  0.5040  0.4940  1
16:   0.0010  0.0010  0.4790  0.5190  1
17:   0.8560  0.0040  0.0020  0.1380  1
18:   0.0010  0.0010  0.5105  0.4875  1
19:   0.0170  0.0020  0.3580  0.6230  1
20:   0.0010  0.0010  0.1688  0.8292  1
21:   0.9900  0.0020  0.0010  0.0070  1
22:   0.2030  0.0000  0.1790  0.6180  1
23:   0.0010  0.0100  0.5395  0.4494  1
24:   0.0010  0.0190  0.4695  0.5105  1

 1:   0.0010  0.0010  0.9960  0.0020  1
 2:   0.0000  0.0000  0.9980  0.0020  1
 3:   0.3590  0.0000  0.6400  0.0010  1
 4:   0.0000  0.0010  0.9680  0.0310  1
 5:   0.0010  0.0010  0.9161  0.0819  1
 6:   0.0010  0.0010  0.9890  0.0090  1
 7:   0.0010  0.0000  0.9370  0.0620  1
 8:   0.0000  0.0010  0.9840  0.0150  1
 9:   0.6957  0.0010  0.1592  0.1441  1
10:   0.4625  0.0040  0.2122  0.3213  1
11:   0.4800  0.0040  0.4300  0.0860  1
12:   0.0829  0.6444  0.0959  0.1768  1
13:   0.0090  0.0390  0.5320  0.4200  1
14:   0.0020  0.0070  0.6300  0.3610  1
15:   0.0010  0.0010  0.4980  0.5000  1
16:   0.0000  0.0010  0.4830  0.5160  1
17:   0.8541  0.0040  0.0050  0.1369  1
18:   0.0010  0.0000  0.5010  0.4980  1
19:   0.0280  0.0010  0.3470  0.6240  1
20:   0.0000  0.0010  0.1652  0.8338  1
21:   0.9900  0.0010  0.0010  0.0080  1
22:   0.2010  0.0010  0.1730  0.6250  1
23:   0.0010  0.0090  0.5405  0.4496  1
24:   0.0010  0.0200  0.4590  0.5200  1

 1:   0.0000  0.0010  0.9970  0.0020  1
 2:   0.0010  0.0000  0.9960  0.0030  1
 3:   0.3614  0.0000  0.6376  0.0010  1
 4:   0.0010  0.0000  0.9770  0.0220  1
 5:   0.0010  0.0000  0.9371  0.0619  1
 6:   0.0000  0.0010  0.9910  0.0080  1
 7:   0.0010  0.0000  0.9430  0.0560  1
 8:   0.0000  0.0010  0.9950  0.0040  1
 9:   0.7247  0.0010  0.1822  0.0921  1
10:   0.4795  0.0050  0.2352  0.2803  1
11:   0.4955  0.0050  0.4384  0.0611  1
12:   0.0661  0.6416  0.1291  0.1632  1
13:   0.0050  0.0420  0.5580  0.3950  1
14:   0.0010  0.0090  0.6583  0.3317  1
15:   0.0010  0.0010  0.5220  0.4760  1
16:   0.0000  0.0020  0.5070  0.4910  1
17:   0.8740  0.0020  0.0010  0.1230  1
18:   0.0010  0.0000  0.5330  0.4660  1
19:   0.0490  0.0010  0.3650  0.5850  1
20:   0.0010  0.0010  0.1858  0.8122  1
21:   0.9940  0.0010  0.0010  0.0040  1
22:   0.2140  0.0010  0.2020  0.5830  1
23:   0.0010  0.0100  0.5570  0.4320  1
24:   0.0030  0.0190  0.4865  0.4915  1

 1:   0.0010  0.0010  0.9880  0.0100  1
 2:   0.0010  0.0010  0.9950  0.0030  1
 3:   0.3660  0.0000  0.6330  0.0010  1
 4:   0.0000  0.0010  0.9580  0.0410  1
 5:   0.0010  0.0010  0.8981  0.0999  1
 6:   0.0000  0.0010  0.9820  0.0170  1
 7:   0.0010  0.0000  0.9230  0.0760  1
 8:   0.0010  0.0010  0.9720  0.0260  1
 9:   0.6903  0.0010  0.1069  0.2018  1
10:   0.4590  0.0040  0.1630  0.3740  1
11:   0.4845  0.0030  0.3924  0.1201  1
12:   0.1030  0.6510  0.0260  0.2200  1
13:   0.0010  0.0450  0.4855  0.4685  1
14:   0.0010  0.0100  0.5944  0.3946  1
15:   0.0010  0.0010  0.4540  0.5440  1
16:   0.0000  0.0020  0.4390  0.5590  1
17:   0.8590  0.0020  0.0020  0.1370  1
18:   0.0010  0.0010  0.4515  0.5465  1
19:   0.0130  0.0010  0.3110  0.6750  1
20:   0.0010  0.0010  0.1059  0.8921  1
21:   0.9950  0.0020  0.0010  0.0020  1
22:   0.1960  0.0000  0.1300  0.6740  1
23:   0.0010  0.0120  0.5015  0.4855  1
24:   0.0010  0.0240  0.4200  0.5550  1

 1:   0.0010  0.0000  0.9970  0.0020  1
 2:   0.0000  0.0000  0.9980  0.0020  1
 3:   0.3560  0.0000  0.6430  0.0010  1
 4:   0.0010  0.0010  0.9700  0.0280  1
 5:   0.0010  0.0000  0.9330  0.0660  1
 6:   0.0000  0.0010  0.9950  0.0040  1
 7:   0.0010  0.0010  0.9540  0.0440  1
 8:   0.0000  0.0010  0.9950  0.0040  1
 9:   0.6840  0.0010  0.1730  0.1420  1
10:   0.4545  0.0030  0.2378  0.3047  1
11:   0.4845  0.0030  0.4545  0.0581  1
12:   0.0310  0.6440  0.1490  0.1760  1
13:   0.0050  0.0380  0.5626  0.3944  1
14:   0.0010  0.0060  0.6620  0.3310  1
15:   0.0010  0.0010  0.5295  0.4685  1
16:   0.0010  0.0010  0.5065  0.4915  1
17:   0.8480  0.0070  0.0070  0.1380  1
18:   0.0010  0.0000  0.5300  0.4690  1
19:   0.0260  0.0010  0.3760  0.5970  1
20:   0.0010  0.0010  0.1868  0.8112  1
21:   0.9830  0.0010  0.0020  0.0140  1
22:   0.1992  0.0000  0.2112  0.5896  1
23:   0.0010  0.0100  0.5614  0.4276  1
24:   0.0020  0.0210  0.4870  0.4900  1

