 1:   0.0000  0.0000  0.4905  0.0000  0.5095  1
 2:   0.0000  0.0000  0.4660  0.0000  0.5340  1
 3:   0.0000  0.2462  0.3023  0.0000  0.4515  1
 4:   0.0010  0.0000  0.4725  0.0000  0.5265  1
 5:   0.0110  0.0000  0.4520  0.0000  0.5370  1
 6:   0.0030  0.0000  0.4550  0.0000  0.5420  1
 7:   0.0090  0.0000  0.4670  0.0000  0.5240  1
 8:   0.0020  0.0000  0.4635  0.0000  0.5345  1
 9:   0.1380  0.4360  0.0030  0.0010  0.4220  1
10:   0.3080  0.2500  0.0050  0.0050  0.4320  1
11:   0.1261  0.3253  0.0881  0.0030  0.4575  1
12:   0.0260  0.1490  0.0080  0.4050  0.4120  1
13:   0.0010  0.0010  0.0000  0.5710  0.4270  1
14:   0.3270  0.0040  0.1490  0.0180  0.5020  1
15:   0.2550  0.0020  0.2080  0.0010  0.5340  1
16:   0.3584  0.0000  0.1451  0.0000  0.4965  1
17:   0.3674  0.0000  0.0881  0.0000  0.5445  1
18:   0.0150  0.6030  0.0010  0.0010  0.3800  1
19:   0.3720  0.0000  0.1220  0.0000  0.5060  1
20:   0.4515  0.0030  0.0511  0.0000  0.4945  1
21:   0.4600  0.0010  0.0020  0.0000  0.5370  1
22:   0.0070  0.6707  0.0010  0.0000  0.3213  1
23:   0.4905  0.0190  0.0040  0.0000  0.4865  1
24:   0.3230  0.0000  0.1630  0.0160  0.4980  1
25:   0.4270  0.0010  0.1490  0.0000  0.4230  1

 1:   0.0050  0.0000  0.4950  0.0000  0.5000  1
 2:   0.0040  0.0000  0.4715  0.0000  0.5245  1
 3:   0.0010  0.2480  0.3070  0.0000  0.4440  1
 4:   0.0090  0.0000  0.4680  0.0000  0.5230  1
 5:   0.0210  0.0000  0.4500  0.0000  0.5290  1
 6:   0.0100  0.0000  0.4535  0.0000  0.5365  1
 7:   0.0230  0.0000  0.4640  0.0000  0.5130  1
 8:   0.0120  0.0000  0.4610  0.0000  0.5270  1
 9:   0.1370  0.4460  0.0050  0.0020  0.4100  1
10:   0.3057  0.2607  0.0050  0.0040  0.4246  1
11:   0.1270  0.3230  0.0960  0.0050  0.4490  1
12:   0.0400  0.1490  0.0060  0.4030  0.4020  1
13:   0.0010  0.0010  0.0000  0.5746  0.4234  1
14:   0.3170  0.0070  0.1630  0.0230  0.4900  1
15:   0.2570  0.0030  0.2170  0.0020  0.5210  1
16:   0.3714  0.0000  0.1481  0.0000  0.4805  1
17:   0.3714  0.0000  0.0981  0.0000  0.5305  1
18:   0.0120  0.6120  0.0010  0.0000  0.3750  1
19:   0.3810  0.0000  0.1290  0.0000  0.4900  1
20:   0.4600  0.0020  0.0530  0.0000  0.4850  1
21:   0.4740  0.0000  0.0020  0.0000  0.5240  1
22:   0.0060  0.6760  0.0010  0.0000  0.3170  1
23:   0.4900  0.0300  0.0060  0.0000  0.4740  1
24:   0.3393  0.0000  0.1732  0.0020  0.4855  1
25:   0.4290  0.0000  0.1590  0.0000  0.4120  1

 1:   0.0010  0.0000  0.5125  0.0000  0.4865  1
 2:   0.0020  0.0000  0.4875  0.0000  0.5105  1
 3:   0.0010  0.2440  0.3120  0.0000  0.4430  1
 4:   0.0040  0.0000  0.4880  0.0000  0.5080  1
 5:   0.0030  0.0000  0.4810  0.0000  0.5160  1
 6:   0.0080  0.0000  0.4680  0.0000  0.5240  1
 7:   0.0150  0.0000  0.4795  0.0000  0.5055  1
 8:   0.0040  0.0000  0.4830  0.0000  0.5130  1
 9:   0.1439  0.4456  0.0050  0.0010  0.4046  1
10:   0.3160  0.2600  0.0040  0.0060  0.4140  1
11:   0.1380  0.3230  0.1000  0.0030  0.4360  1
12:   0.0350  0.1530  0.0070  0.4040  0.4010  1
13:   0.0010  0.0010  0.0000  0.5730  0.4250  1
14:   0.3250  0.0050  0.1660  0.0180  0.4860  1
15:   0.2690  0.0020  0.2170  0.0020  0.5100  1
16:   0.3754  0.0000  0.1502  0.0000  0.4745  1
17:   0.3800  0.0010  0.0920  0.0000  0.5270  1
18:   0.0220  0.6070  0.0010  0.0010  0.3690  1
19:   0.3864  0.0000  0.1271  0.0000  0.4865  1
20:   0.4705  0.0030  0.0490  0.0000  0.4775  1
21:   0.4760  0.0000  0.0020  0.0000  0.5220  1
22:   0.0070  0.6760  0.0010  0.0000  0.3160  1
23:   0.5030  0.0210  0.0050  0.0000  0.4710  1
24:   0.3310  0.0000  0.1760  0.0120  0.4810  1
25:   0.4344  0.0000  0.1592  0.0010  0.4054  1

 1:   0.0030  0.0000  0.5085  0.0000  0.4885  1
 2:   0.0020  0.0000  0.4850  0.0000  0.5130  1
 3:   0.0010  0.2500  0.3110  0.0000  0.4380  1
 4:   0.0080  0.0000  0.4860  0.0000  0.5060  1
 5:   0.0100  0.0010  0.4810  0.0000  0.5080  1
 6:   0.0030  0.0000  0.4730  0.0000  0.5240  1
 7:   0.0190  0.0010  0.4800  0.0000  0.5000  1
 8:   0.0050  0.0000  0.4835  0.0000  0.5115  1
 9:   0.1160  0.4740  0.0020  0.0020  0.4060  1
10:   0.3067  0.2727  0.0030  0.0050  0.4126  1
11:   0.1169  0.3437  0.1019  0.0030  0.4346  1
12:   0.0260  0.1608  0.0090  0.3996  0.4046  1
13:   0.0010  0.0010  0.0000  0.5710  0.4270  1
14:   0.3287  0.0100  0.1698  0.0150  0.4765  1
15:   0.2680  0.0030  0.2200  0.0020  0.5070  1
16:   0.3730  0.0010  0.1540  0.0000  0.4720  1
17:   0.3744  0.0000  0.0991  0.0000  0.5265  1
18:   0.0110  0.6160  0.0010  0.0010  0.3710  1
19:   0.3906  0.0010  0.1279  0.0000  0.4805  1
20:   0.4560  0.0050  0.0590  0.0000  0.4800  1
21:   0.4820  0.0010  0.0010  0.0000  0.5160  1
22:   0.0070  0.6833  0.0010  0.0000  0.3087  1
23:   0.4875  0.0390  0.0060  0.0000  0.4675  1
24:   0.3450  0.0010  0.1750  0.0000  0.4790  1
25:   0.4360  0.0010  0.1590  0.0000  0.4040  1

 1:   0.0020  0.0000  0.5050  0.0000  0.4930  1
 2:   0.0040  0.0000  0.4770  0.0000  0.5190  1
 3:   0.0010  0.2520  0.3110  0.0000  0.4360  1
 4:   0.0070  0.0000  0.4850  0.0000  0.5080  1
 5:   0.0230  0.0000  0.4670  0.0000  0.5100  1
 6:   0.0170  0.0000  0.4555  0.0000  0.5275  1
 7:   0.0270  0.0000  0.4655  0.0000  0.5075  1
 8:   0.0070  0.0000  0.4730  0.0000  0.5200  1
 9:   0.1451  0.4454  0.0050  0.0010  0.4034  1
10:   0.3247  0.2537  0.0060  0.0040  0.4116  1
11:   0.1400  0.3230  0.0970  0.0020  0.4380  1
12:   0.0350  0.1470  0.0070  0.4090  0.4020  1
13:   0.0010  0.0010  0.0000  0.5794  0.4186  1
14:   0.3423  0.0030  0.1612  0.0160  0.4775  1
15:   0.2683  0.0010  0.2122  0.0010  0.5175  1
16:   0.3820  0.0000  0.1440  0.0000  0.4740  1
17:   0.3944  0.0000  0.0781  0.0000  0.5275  1
18:   0.0160  0.6150  0.0010  0.0040  0.3640  1
19:   0.3930  0.0000  0.1230  0.0000  0.4840  1
20:   0.4760  0.0020  0.0480  0.0000  0.4740  1
21:   0.4815  0.0000  0.0020  0.0000  0.5165  1
22:   0.0070  0.6810  0.0010  0.0000  0.3110  1
23:   0.5155  0.0120  0.0080  0.0000  0.4645  1
24:   0.3430  0.0010  0.1640  0.0110  0.4810  1
25:   0.4450  0.0000  0.1480  0.0000  0.4070  1

