 1:   0.0000  0.0000  1.0000  1
 2:   0.0000  0.0000  1.0000  1
 3:   0.0000  0.2940  0.7060  1
 4:   0.0000  0.0000  1.0000  1
 5:   0.0000  0.0000  1.0000  1
 6:   0.0000  0.0000  1.0000  1
 7:   0.0000  0.0000  1.0000  1
 8:   0.0000  0.0000  1.0000  1
 9:   0.0010  0.5880  0.4110  1
10:   0.0050  0.3936  0.6014  1
11:   0.0060  0.3830  0.6110  1
12:   0.5005  0.1652  0.3343  1
13:   0.7960  0.0040  0.2000  1
14:   0.0541  0.0290  0.9169  1
15:   0.0120  0.0040  0.9840  1
16:   0.0060  0.0040  0.9900  1
17:   0.0120  0.0010  0.9870  1
18:   0.0020  0.7820  0.2160  1
19:   0.0010  0.0090  0.9900  1
20:   0.0010  0.1310  0.8680  1
21:   0.0020  0.0220  0.9760  1
22:   0.0000  0.8930  0.1070  1
23:   0.0030  0.2400  0.7570  1
24:   0.0530  0.0020  0.9450  1
25:   0.0490  0.0470  0.9040  1

 1:   0.0000  0.0000  1.0000  1
 2:   0.0000  0.0000  1.0000  1
 3:   0.0000  0.3030  0.6970  1
 4:   0.0000  0.0000  1.0000  1
 5:   0.0000  0.0000  1.0000  1
 6:   0.0000  0.0000  1.0000  1
 7:   0.0000  0.0000  1.0000  1
 8:   0.0000  0.0000  1.0000  1
 9:   0.0010  0.6050  0.3940  1
10:   0.0040  0.4150  0.5810  1
11:   0.0070  0.3950  0.5980  1
12:   0.4720  0.1720  0.3560  1
13:   0.7552  0.0030  0.2418  1
14:   0.0440  0.0530  0.9030  1
15:   0.0130  0.0060  0.9810  1
16:   0.0050  0.0050  0.9900  1
17:   0.0110  0.0020  0.9870  1
18:   0.0030  0.8040  0.1930  1
19:   0.0020  0.0210  0.9770  1
20:   0.0010  0.1548  0.8442  1
21:   0.0020  0.0510  0.9470  1
22:   0.0010  0.9190  0.0800  1
23:   0.0030  0.2630  0.7340  1
24:   0.0460  0.0050  0.9489  1
25:   0.0370  0.0790  0.8840  1

 1:   0.0050  0.0000  0.9950  1
 2:   0.0050  0.0000  0.9950  1
 3:   0.0010  0.3270  0.6720  1
 4:   0.0180  0.0010  0.9810  1
 5:   0.0290  0.0000  0.9710  1
 6:   0.0070  0.0000  0.9930  1
 7:   0.0690  0.0000  0.9310  1
 8:   0.0070  0.0000  0.9930  1
 9:   0.2817  0.5804  0.1379  1
10:   0.4570  0.3590  0.1840  1
11:   0.1708  0.4356  0.3936  1
12:   0.0460  0.8290  0.1250  1
13:   0.0050  0.9790  0.0160  1
14:   0.3630  0.0780  0.5590  1
15:   0.3594  0.0100  0.6306  1
16:   0.4880  0.0010  0.5110  1
17:   0.5230  0.0010  0.4760  1
18:   0.2100  0.7760  0.0140  1
19:   0.4700  0.0010  0.5290  1
20:   0.6280  0.0030  0.3690  1
21:   0.7960  0.0010  0.2030  1
22:   0.1420  0.8450  0.0130  1
23:   0.6930  0.0840  0.2230  1
24:   0.4036  0.0010  0.5954  1
25:   0.4885  0.0050  0.5065  1

 1:   0.0000  0.0010  0.9990  1
 2:   0.0000  0.0000  1.0000  1
 3:   0.0000  0.2720  0.7280  1
 4:   0.0000  0.0000  1.0000  1
 5:   0.0000  0.0000  1.0000  1
 6:   0.0000  0.0000  1.0000  1
 7:   0.0000  0.0000  1.0000  1
 8:   0.0000  0.0000  1.0000  1
 9:   0.0020  0.5400  0.4580  1
10:   0.0060  0.3650  0.6290  1
11:   0.0050  0.3560  0.6390  1
12:   0.4264  0.1632  0.4104  1
13:   0.6870  0.0070  0.3060  1
14:   0.0380  0.0480  0.9140  1
15:   0.0070  0.0100  0.9830  1
16:   0.0020  0.0080  0.9900  1
17:   0.0060  0.0030  0.9910  1
18:   0.0030  0.7250  0.2720  1
19:   0.0010  0.0160  0.9830  1
20:   0.0010  0.1260  0.8730  1
21:   0.0020  0.0310  0.9670  1
22:   0.0010  0.8242  0.1748  1
23:   0.0020  0.2230  0.7750  1
24:   0.0390  0.0060  0.9550  1
25:   0.0330  0.0659  0.9011  1

 1:   0.0000  0.0000  1.0000  1
 2:   0.0000  0.0000  1.0000  1
 3:   0.0000  0.2820  0.7180  1
 4:   0.0000  0.0000  1.0000  1
 5:   0.0000  0.0000  1.0000  1
 6:   0.0000  0.0000  1.0000  1
 7:   0.0000  0.0000  1.0000  1
 8:   0.0000  0.0000  1.0000  1
 9:   0.0020  0.5460  0.4520  1
10:   0.0070  0.3670  0.6260  1
11:   0.0050  0.3610  0.6340  1
12:   0.4540  0.1650  0.3810  1
13:   0.7270  0.0060  0.2670  1
14:   0.0440  0.0460  0.9099  1
15:   0.0100  0.0050  0.9850  1
16:   0.0040  0.0040  0.9920  1
17:   0.0110  0.0020  0.9870  1
18:   0.0020  0.7360  0.2620  1
19:   0.0020  0.0120  0.9860  1
20:   0.0010  0.1250  0.8740  1
21:   0.0030  0.0190  0.9780  1
22:   0.0010  0.8370  0.1620  1
23:   0.0030  0.2210  0.7760  1
24:   0.0440  0.0030  0.9530  1
25:   0.0390  0.0620  0.8990  1

