 1:   0.0070  0.9930  0.0000  0.0000  1
 2:   0.0050  0.9950  0.0000  0.0000  1
 3:   0.0010  0.6740  0.3250  0.0000  1
 4:   0.0190  0.9810  0.0000  0.0000  1
 5:   0.0270  0.9730  0.0000  0.0000  1
 6:   0.0110  0.9890  0.0000  0.0000  1
 7:   0.0470  0.9520  0.0010  0.0000  1
 8:   0.0070  0.9930  0.0000  0.0000  1
 9:   0.1938  0.2038  0.6004  0.0020  1
10:   0.3820  0.2560  0.3590  0.0030  1
11:   0.1249  0.4525  0.4196  0.0030  1
12:   0.0730  0.2640  0.2330  0.4300  1
13:   0.0220  0.2090  0.0700  0.6990  1
14:   0.3310  0.6070  0.0290  0.0330  1
15:   0.3253  0.6647  0.0050  0.0050  1
16:   0.4414  0.5566  0.0010  0.0010  1
17:   0.4730  0.5240  0.0010  0.0020  1
18:   0.1500  0.0490  0.8010  0.0000  1
19:   0.4330  0.5660  0.0010  0.0000  1
20:   0.5766  0.4194  0.0040  0.0000  1
21:   0.7400  0.2580  0.0010  0.0010  1
22:   0.0821  0.0140  0.9039  0.0000  1
23:   0.6000  0.2840  0.1150  0.0010  1
24:   0.3554  0.6126  0.0010  0.0310  1
25:   0.4460  0.5330  0.0020  0.0190  1

 1:   0.4680  0.5320  0.0000  0.0000  1
 2:   0.4450  0.5550  0.0000  0.0000  1
 3:   0.2670  0.4770  0.2560  0.0000  1
 4:   0.4525  0.5475  0.0000  0.0000  1
 5:   0.4440  0.5560  0.0000  0.0000  1
 6:   0.4394  0.5606  0.0000  0.0000  1
 7:   0.4570  0.5430  0.0000  0.0000  1
 8:   0.4470  0.5530  0.0000  0.0000  1
 9:   0.0569  0.4276  0.5135  0.0020  1
10:   0.2078  0.4456  0.3417  0.0050  1
11:   0.1750  0.4680  0.3530  0.0040  1
12:   0.0200  0.4170  0.1620  0.4010  1
13:   0.0010  0.4360  0.0010  0.5620  1
14:   0.4464  0.5115  0.0140  0.0280  1
15:   0.4515  0.5445  0.0020  0.0020  1
16:   0.4960  0.5030  0.0010  0.0000  1
17:   0.4466  0.5504  0.0010  0.0020  1
18:   0.0050  0.3816  0.6094  0.0040  1
19:   0.4830  0.5150  0.0020  0.0000  1
20:   0.4360  0.5000  0.0640  0.0000  1
21:   0.4540  0.5410  0.0040  0.0010  1
22:   0.0040  0.3253  0.6707  0.0000  1
23:   0.3350  0.5010  0.1600  0.0040  1
24:   0.4580  0.5100  0.0010  0.0310  1
25:   0.5514  0.4356  0.0020  0.0110  1

 1:   0.0090  0.9910  0.0000  0.0000  1
 2:   0.0040  0.9960  0.0000  0.0000  1
 3:   0.0010  0.6580  0.3410  0.0000  1
 4:   0.0210  0.9790  0.0000  0.0000  1
 5:   0.0330  0.9670  0.0000  0.0000  1
 6:   0.0100  0.9900  0.0000  0.0000  1
 7:   0.0511  0.9489  0.0000  0.0000  1
 8:   0.0090  0.9910  0.0000  0.0000  1
 9:   0.1768  0.1618  0.6593  0.0020  1
10:   0.3870  0.2040  0.4000  0.0090  1
11:   0.0979  0.4256  0.4695  0.0070  1
12:   0.0430  0.1690  0.2010  0.5870  1
13:   0.0080  0.0589  0.0050  0.9281  1
14:   0.3600  0.5700  0.0140  0.0560  1
15:   0.3460  0.6410  0.0030  0.0100  1
16:   0.4680  0.5310  0.0010  0.0000  1
17:   0.5075  0.4925  0.0000  0.0000  1
18:   0.1080  0.0140  0.8780  0.0000  1
19:   0.4630  0.5360  0.0010  0.0000  1
20:   0.6180  0.3780  0.0040  0.0000  1
21:   0.7900  0.2090  0.0010  0.0000  1
22:   0.0250  0.0050  0.9700  0.0000  1
23:   0.6520  0.2330  0.1150  0.0000  1
24:   0.3946  0.5964  0.0010  0.0080  1
25:   0.4825  0.5025  0.0020  0.0130  1

 1:   0.0060  0.9940  0.0000  0.0000  1
 2:   0.0050  0.9950  0.0000  0.0000  1
 3:   0.0010  0.6530  0.3460  0.0000  1
 4:   0.0240  0.9760  0.0000  0.0000  1
 5:   0.0240  0.9760  0.0000  0.0000  1
 6:   0.0110  0.9890  0.0000  0.0000  1
 7:   0.0500  0.9491  0.0010  0.0000  1
 8:   0.0080  0.9920  0.0000  0.0000  1
 9:   0.1932  0.1512  0.6547  0.0010  1
10:   0.4010  0.2020  0.3920  0.0050  1
11:   0.1061  0.4234  0.4615  0.0090  1
12:   0.0300  0.1400  0.2030  0.6270  1
13:   0.0040  0.0130  0.0020  0.9810  1
14:   0.3626  0.5684  0.0070  0.0619  1
15:   0.3554  0.6396  0.0030  0.0020  1
16:   0.4780  0.5210  0.0010  0.0000  1
17:   0.5110  0.4860  0.0010  0.0020  1
18:   0.1169  0.0150  0.8681  0.0000  1
19:   0.4685  0.5305  0.0010  0.0000  1
20:   0.6180  0.3720  0.0100  0.0000  1
21:   0.7900  0.2100  0.0000  0.0000  1
22:   0.0280  0.0050  0.9670  0.0000  1
23:   0.6580  0.2200  0.1210  0.0010  1
24:   0.3980  0.5960  0.0010  0.0050  1
25:   0.4850  0.4970  0.0020  0.0160  1

 1:   0.0040  0.9960  0.0000  0.0000  1
 2:   0.0030  0.9970  0.0000  0.0000  1
 3:   0.0010  0.6880  0.3110  0.0000  1
 4:   0.0180  0.9820  0.0000  0.0000  1
 5:   0.0230  0.9770  0.0000  0.0000  1
 6:   0.0080  0.9920  0.0000  0.0000  1
 7:   0.0470  0.9530  0.0000  0.0000  1
 8:   0.0060  0.9940  0.0000  0.0000  1
 9:   0.1812  0.2422  0.5756  0.0010  1
10:   0.3640  0.2860  0.3470  0.0030  1
11:   0.1039  0.4825  0.4106  0.0030  1
12:   0.0569  0.3047  0.2138  0.4246  1
13:   0.0050  0.2533  0.0521  0.6897  1
14:   0.3180  0.6350  0.0110  0.0360  1
15:   0.3117  0.6813  0.0040  0.0030  1
16:   0.4250  0.5740  0.0010  0.0000  1
17:   0.4555  0.5435  0.0000  0.0010  1
18:   0.1500  0.0780  0.7710  0.0010  1
19:   0.4150  0.5840  0.0010  0.0000  1
20:   0.5584  0.4336  0.0070  0.0010  1
21:   0.7047  0.2953  0.0000  0.0000  1
22:   0.0890  0.0220  0.8890  0.0000  1
23:   0.5830  0.3080  0.1080  0.0010  1
24:   0.3430  0.6340  0.0010  0.0220  1
25:   0.4350  0.5470  0.0020  0.0160  1

