 1:   0.0020  0.0010  0.0010  0.9960  1
 2:   0.0020  0.0010  0.0000  0.9970  1
 3:   0.0000  0.3190  0.0000  0.6810  1
 4:   0.0210  0.0000  0.0000  0.9790  1
 5:   0.0310  0.0010  0.0000  0.9680  1
 6:   0.0080  0.0000  0.0010  0.9910  1
 7:   0.0140  0.0010  0.0000  0.9850  1
 8:   0.0110  0.0000  0.0010  0.9880  1
 9:   0.0030  0.5365  0.0010  0.4595  1
10:   0.0600  0.3740  0.0020  0.5640  1
11:   0.0020  0.3696  0.0020  0.6264  1
12:   0.0020  0.1648  0.4156  0.4176  1
13:   0.0000  0.0010  0.6627  0.3363  1
14:   0.1782  0.0080  0.0290  0.7848  1
15:   0.1160  0.0010  0.0030  0.8800  1
16:   0.2230  0.0010  0.0010  0.7750  1
17:   0.2148  0.0010  0.0010  0.7832  1
18:   0.0070  0.7180  0.0030  0.2720  1
19:   0.2322  0.0010  0.0000  0.7668  1
20:   0.3430  0.0080  0.0000  0.6490  1
21:   0.3964  0.0000  0.0000  0.6036  1
22:   0.0010  0.8208  0.0000  0.1782  1
23:   0.2763  0.1512  0.0000  0.5726  1
24:   0.2482  0.0000  0.0190  0.7327  1
25:   0.3020  0.0010  0.0160  0.6810  1

 1:   0.4850  0.0000  0.0010  0.5140  1
 2:   0.4680  0.0010  0.0000  0.5310  1
 3:   0.2190  0.3270  0.0000  0.4540  1
 4:   0.4770  0.0010  0.0000  0.5220  1
 5:   0.4740  0.0010  0.0000  0.5250  1
 6:   0.4580  0.0010  0.0000  0.5410  1
 7:   0.4820  0.0010  0.0000  0.5170  1
 8:   0.4740  0.0000  0.0010  0.5250  1
 9:   0.0250  0.5584  0.0010  0.4156  1
10:   0.1788  0.3846  0.0020  0.4346  1
11:   0.1702  0.3814  0.0050  0.4434  1
12:   0.0110  0.1790  0.4080  0.4020  1
13:   0.0000  0.0000  0.5746  0.4254  1
14:   0.4680  0.0070  0.0300  0.4950  1
15:   0.4720  0.0020  0.0050  0.5210  1
16:   0.5185  0.0010  0.0010  0.4795  1
17:   0.4755  0.0000  0.0010  0.5235  1
18:   0.0000  0.6346  0.0020  0.3634  1
19:   0.5110  0.0010  0.0010  0.4870  1
20:   0.4620  0.0540  0.0010  0.4830  1
21:   0.4740  0.0010  0.0060  0.5190  1
22:   0.0010  0.6973  0.0010  0.3007  1
23:   0.3220  0.2060  0.0010  0.4710  1
24:   0.4895  0.0010  0.0320  0.4775  1
25:   0.5520  0.0020  0.0260  0.4200  1

 1:   0.4870  0.0010  0.0010  0.5110  1
 2:   0.4635  0.0000  0.0000  0.5365  1
 3:   0.2278  0.3217  0.0010  0.4496  1
 4:   0.4745  0.0000  0.0000  0.5255  1
 5:   0.4760  0.0010  0.0000  0.5230  1
 6:   0.4575  0.0000  0.0000  0.5425  1
 7:   0.4825  0.0000  0.0000  0.5175  1
 8:   0.4740  0.0000  0.0010  0.5250  1
 9:   0.0270  0.5520  0.0010  0.4200  1
10:   0.1808  0.3816  0.0040  0.4336  1
11:   0.1750  0.3780  0.0040  0.4430  1
12:   0.0130  0.1770  0.4070  0.4030  1
13:   0.0000  0.0000  0.5780  0.4220  1
14:   0.4570  0.0140  0.0280  0.5010  1
15:   0.4730  0.0010  0.0020  0.5240  1
16:   0.5180  0.0010  0.0010  0.4800  1
17:   0.4735  0.0010  0.0010  0.5245  1
18:   0.0010  0.6336  0.0020  0.3634  1
19:   0.5125  0.0010  0.0010  0.4855  1
20:   0.4510  0.0600  0.0010  0.4880  1
21:   0.4750  0.0020  0.0030  0.5200  1
22:   0.0010  0.6963  0.0010  0.3017  1
23:   0.3170  0.2050  0.0010  0.4770  1
24:   0.4925  0.0010  0.0320  0.4745  1
25:   0.5516  0.0010  0.0250  0.4224  1

 1:   0.4835  0.0010  0.0010  0.5145  1
 2:   0.4675  0.0000  0.0000  0.5325  1
 3:   0.2292  0.3203  0.0000  0.4505  1
 4:   0.4770  0.0010  0.0000  0.5220  1
 5:   0.4750  0.0000  0.0010  0.5240  1
 6:   0.4625  0.0010  0.0010  0.5355  1
 7:   0.4800  0.0010  0.0000  0.5190  1
 8:   0.4770  0.0000  0.0010  0.5220  1
 9:   0.0270  0.5564  0.0010  0.4156  1
10:   0.1900  0.3760  0.0020  0.4320  1
11:   0.1760  0.3740  0.0020  0.4480  1
12:   0.0180  0.1710  0.4070  0.4040  1
13:   0.0000  0.0000  0.5736  0.4264  1
14:   0.4780  0.0030  0.0290  0.4900  1
15:   0.4770  0.0010  0.0030  0.5190  1
16:   0.5175  0.0010  0.0010  0.4805  1
17:   0.4760  0.0010  0.0020  0.5210  1
18:   0.0010  0.6340  0.0010  0.3640  1
19:   0.5100  0.0010  0.0010  0.4880  1
20:   0.4710  0.0510  0.0010  0.4770  1
21:   0.4785  0.0010  0.0040  0.5165  1
22:   0.0010  0.6883  0.0010  0.3097  1
23:   0.3207  0.2018  0.0010  0.4765  1
24:   0.4920  0.0010  0.0320  0.4750  1
25:   0.5534  0.0020  0.0240  0.4206  1

 1:   0.4835  0.0010  0.0010  0.5145  1
 2:   0.4640  0.0000  0.0000  0.5360  1
 3:   0.2230  0.3220  0.0000  0.4550  1
 4:   0.4725  0.0010  0.0010  0.5255  1
 5:   0.4735  0.0000  0.0000  0.5265  1
 6:   0.4535  0.0010  0.0000  0.5455  1
 7:   0.4745  0.0000  0.0000  0.5255  1
 8:   0.4675  0.0010  0.0010  0.5305  1
 9:   0.0250  0.5560  0.0010  0.4180  1
10:   0.1880  0.3730  0.0020  0.4370  1
11:   0.1740  0.3730  0.0030  0.4500  1
12:   0.0110  0.1740  0.4050  0.4100  1
13:   0.0000  0.0000  0.5686  0.4314  1
14:   0.4655  0.0040  0.0290  0.5015  1
15:   0.4685  0.0020  0.0030  0.5265  1
16:   0.5150  0.0010  0.0010  0.4830  1
17:   0.4710  0.0010  0.0020  0.5260  1
18:   0.0010  0.6300  0.0020  0.3670  1
19:   0.5095  0.0010  0.0010  0.4885  1
20:   0.4735  0.0430  0.0000  0.4835  1
21:   0.4745  0.0010  0.0030  0.5215  1
22:   0.0000  0.6947  0.0010  0.3043  1
23:   0.3343  0.1902  0.0010  0.4745  1
24:   0.4855  0.0010  0.0310  0.4825  1
25:   0.5500  0.0010  0.0260  0.4230  1

