 1:   0.0010  0.0000  0.9990  1
 2:   0.0000  0.0000  1.0000  1
 3:   0.0000  0.3994  0.6006  1
 4:   0.0000  0.0000  1.0000  1
 5:   0.0000  0.0000  1.0000  1
 6:   0.0010  0.0000  0.9990  1
 7:   0.0000  0.0000  1.0000  1
 8:   0.0010  0.0000  0.9990  1
 9:   0.0010  0.6680  0.3310  1
10:   0.0010  0.4630  0.5360  1
11:   0.0100  0.4490  0.5410  1
12:   0.6400  0.1800  0.1800  1
13:   0.9980  0.0000  0.0020  1
14:   0.0710  0.0050  0.9240  1
15:   0.0160  0.0010  0.9830  1
16:   0.0090  0.0000  0.9910  1
17:   0.0060  0.0000  0.9940  1
18:   0.0020  0.9160  0.0820  1
19:   0.0030  0.0020  0.9950  1
20:   0.0010  0.1290  0.8700  1
21:   0.0570  0.0010  0.9420  1
22:   0.0010  0.9970  0.0020  1
23:   0.0010  0.2843  0.7147  1
24:   0.0630  0.0000  0.9370  1
25:   0.0880  0.0030  0.9090  1

 1:   0.0010  0.0010  0.9980  1
 2:   0.0000  0.0000  1.0000  1
 3:   0.0000  0.3880  0.6120  1
 4:   0.0010  0.0000  0.9990  1
 5:   0.0010  0.0000  0.9990  1
 6:   0.0010  0.0000  0.9990  1
 7:   0.0000  0.0000  1.0000  1
 8:   0.0010  0.0000  0.9990  1
 9:   0.0010  0.6490  0.3500  1
10:   0.0030  0.4470  0.5500  1
11:   0.0040  0.4310  0.5650  1
12:   0.6350  0.1780  0.1870  1
13:   0.9890  0.0010  0.0100  1
14:   0.0699  0.0040  0.9261  1
15:   0.0130  0.0010  0.9860  1
16:   0.0080  0.0010  0.9910  1
17:   0.0080  0.0000  0.9920  1
18:   0.0030  0.8530  0.1440  1
19:   0.0010  0.0010  0.9980  1
20:   0.0010  0.1250  0.8740  1
21:   0.0560  0.0010  0.9430  1
22:   0.0010  0.9930  0.0060  1
23:   0.0020  0.2670  0.7310  1
24:   0.0680  0.0010  0.9310  1
25:   0.0860  0.0040  0.9100  1

 1:   0.0010  0.0000  0.9990  1
 2:   0.0000  0.0000  1.0000  1
 3:   0.0000  0.3770  0.6230  1
 4:   0.0010  0.0000  0.9990  1
 5:   0.0010  0.0000  0.9990  1
 6:   0.0010  0.0000  0.9990  1
 7:   0.0000  0.0000  1.0000  1
 8:   0.0010  0.0000  0.9990  1
 9:   0.0010  0.6280  0.3710  1
10:   0.0020  0.4254  0.5726  1
11:   0.0050  0.4200  0.5750  1
12:   0.5760  0.1690  0.2550  1
13:   0.9050  0.0010  0.0940  1
14:   0.0581  0.0080  0.9339  1
15:   0.0110  0.0010  0.9880  1
16:   0.0060  0.0010  0.9930  1
17:   0.0090  0.0000  0.9910  1
18:   0.0010  0.8370  0.1620  1
19:   0.0010  0.0020  0.9970  1
20:   0.0010  0.1190  0.8800  1
21:   0.0480  0.0010  0.9510  1
22:   0.0010  0.9910  0.0080  1
23:   0.0010  0.2600  0.7390  1
24:   0.0571  0.0000  0.9429  1
25:   0.0771  0.0040  0.9189  1

 1:   0.0010  0.0000  0.9990  1
 2:   0.0000  0.0000  1.0000  1
 3:   0.0000  0.3594  0.6406  1
 4:   0.0000  0.0000  1.0000  1
 5:   0.0000  0.0000  1.0000  1
 6:   0.0010  0.0000  0.9990  1
 7:   0.0000  0.0000  1.0000  1
 8:   0.0010  0.0000  0.9990  1
 9:   0.0000  0.5980  0.4020  1
10:   0.0030  0.4060  0.5910  1
11:   0.0030  0.3990  0.5980  1
12:   0.5100  0.1700  0.3200  1
13:   0.8090  0.0000  0.1910  1
14:   0.0509  0.0070  0.9421  1
15:   0.0100  0.0020  0.9880  1
16:   0.0050  0.0000  0.9950  1
17:   0.0070  0.0010  0.9920  1
18:   0.0010  0.7968  0.2022  1
19:   0.0010  0.0020  0.9970  1
20:   0.0010  0.1150  0.8840  1
21:   0.0310  0.0010  0.9680  1
22:   0.0010  0.9391  0.0599  1
23:   0.0010  0.2480  0.7510  1
24:   0.0480  0.0010  0.9510  1
25:   0.0591  0.0080  0.9329  1

 1:   0.2817  0.0010  0.7173  1
 2:   0.2550  0.0000  0.7450  1
 3:   0.1540  0.2250  0.6210  1
 4:   0.2773  0.0000  0.7227  1
 5:   0.2670  0.0000  0.7330  1
 6:   0.2637  0.0010  0.7353  1
 7:   0.2673  0.0000  0.7327  1
 8:   0.2640  0.0010  0.7350  1
 9:   0.0480  0.3940  0.5580  1
10:   0.1440  0.2630  0.5930  1
11:   0.1140  0.2710  0.6150  1
12:   0.0010  0.4280  0.5710  1
13:   0.0000  0.4150  0.5850  1
14:   0.3090  0.0060  0.6850  1
15:   0.2840  0.0010  0.7150  1
16:   0.3177  0.0010  0.6813  1
17:   0.2760  0.0010  0.7230  1
18:   0.0010  0.5160  0.4830  1
19:   0.3130  0.0010  0.6860  1
20:   0.3383  0.0030  0.6587  1
21:   0.2920  0.0010  0.7070  1
22:   0.0010  0.5870  0.4120  1
23:   0.2647  0.0919  0.6434  1
24:   0.3290  0.0010  0.6700  1
25:   0.4004  0.0010  0.5986  1

