 1:   0.5000  0.4930  0.0010  0.0010  0.0050  1
 2:   0.5225  0.4755  0.0000  0.0000  0.0020  1
 3:   0.4384  0.2452  0.0000  0.3153  0.0010  1
 4:   0.5170  0.4640  0.0010  0.0010  0.0170  1
 5:   0.5065  0.4316  0.0010  0.0010  0.0599  1
 6:   0.5235  0.4645  0.0010  0.0010  0.0100  1
 7:   0.5030  0.4770  0.0000  0.0010  0.0190  1
 8:   0.5125  0.4725  0.0010  0.0010  0.0130  1
 9:   0.4086  0.0070  0.0010  0.5644  0.0190  1
10:   0.4360  0.0580  0.0030  0.3830  0.1200  1
11:   0.4354  0.1592  0.0020  0.3994  0.0040  1
12:   0.3920  0.0100  0.4100  0.1740  0.0140  1
13:   0.4140  0.0000  0.5850  0.0010  0.0000  1
14:   0.4900  0.2260  0.0230  0.0050  0.2560  1
15:   0.5135  0.3217  0.0030  0.0020  0.1598  1
16:   0.4690  0.2360  0.0010  0.0010  0.2930  1
17:   0.5180  0.1890  0.0010  0.0010  0.2910  1
18:   0.3526  0.0010  0.0020  0.6424  0.0020  1
19:   0.4805  0.1992  0.0000  0.0010  0.3193  1
20:   0.4655  0.1139  0.0010  0.0090  0.4106  1
21:   0.5225  0.0020  0.0010  0.0010  0.4735  1
22:   0.2943  0.0000  0.0010  0.7037  0.0010  1
23:   0.4575  0.0170  0.0010  0.1299  0.3946  1
24:   0.4695  0.2058  0.0170  0.0010  0.3067  1
25:   0.4124  0.2152  0.0080  0.0010  0.3634  1

 1:   0.4945  0.5015  0.0010  0.0010  0.0020  1
 2:   0.5185  0.4795  0.0000  0.0000  0.0020  1
 3:   0.4356  0.2537  0.0010  0.3087  0.0010  1
 4:   0.5015  0.4905  0.0010  0.0010  0.0060  1
 5:   0.5105  0.4394  0.0000  0.0000  0.0501  1
 6:   0.5255  0.4675  0.0010  0.0010  0.0050  1
 7:   0.5030  0.4820  0.0000  0.0010  0.0140  1
 8:   0.5135  0.4815  0.0010  0.0000  0.0040  1
 9:   0.4030  0.0190  0.0010  0.5500  0.0270  1
10:   0.4280  0.0640  0.0030  0.3680  0.1370  1
11:   0.4374  0.1672  0.0030  0.3854  0.0070  1
12:   0.3960  0.0100  0.4050  0.1680  0.0210  1
13:   0.4240  0.0000  0.5760  0.0000  0.0000  1
14:   0.4915  0.2428  0.0250  0.0020  0.2388  1
15:   0.5130  0.3360  0.0020  0.0010  0.1480  1
16:   0.4700  0.2500  0.0010  0.0010  0.2780  1
17:   0.5200  0.2014  0.0010  0.0000  0.2776  1
18:   0.3550  0.0010  0.0020  0.6400  0.0020  1
19:   0.4820  0.2160  0.0000  0.0010  0.3010  1
20:   0.4700  0.1300  0.0000  0.0020  0.3980  1
21:   0.5320  0.0020  0.0010  0.0010  0.4640  1
22:   0.3040  0.0000  0.0010  0.6940  0.0010  1
23:   0.4670  0.0150  0.0010  0.1360  0.3810  1
24:   0.4715  0.2132  0.0200  0.0000  0.2953  1
25:   0.4096  0.2288  0.0090  0.0010  0.3516  1

 1:   0.4975  0.4975  0.0010  0.0000  0.0040  1
 2:   0.5200  0.4770  0.0000  0.0010  0.0020  1
 3:   0.4360  0.2460  0.0000  0.3170  0.0010  1
 4:   0.5115  0.4755  0.0010  0.0010  0.0110  1
 5:   0.5090  0.4350  0.0000  0.0010  0.0550  1
 6:   0.5250  0.4650  0.0010  0.0010  0.0080  1
 7:   0.5035  0.4825  0.0000  0.0010  0.0130  1
 8:   0.5070  0.4850  0.0010  0.0010  0.0060  1
 9:   0.4090  0.0050  0.0010  0.5650  0.0200  1
10:   0.4200  0.0660  0.0030  0.3820  0.1290  1
11:   0.4350  0.1520  0.0020  0.3980  0.0130  1
12:   0.3966  0.0060  0.4056  0.1748  0.0170  1
13:   0.4184  0.0000  0.5816  0.0000  0.0000  1
14:   0.4895  0.2402  0.0210  0.0060  0.2432  1
15:   0.5110  0.3270  0.0030  0.0010  0.1580  1
16:   0.4685  0.2398  0.0010  0.0010  0.2897  1
17:   0.5185  0.1968  0.0010  0.0010  0.2827  1
18:   0.3590  0.0000  0.0020  0.6370  0.0020  1
19:   0.4755  0.2072  0.0000  0.0010  0.3163  1
20:   0.4725  0.1099  0.0010  0.0060  0.4106  1
21:   0.5145  0.0030  0.0000  0.0010  0.4815  1
22:   0.2857  0.0010  0.0010  0.7113  0.0010  1
23:   0.4710  0.0080  0.0010  0.1370  0.3830  1
24:   0.4750  0.2040  0.0150  0.0010  0.3050  1
25:   0.4110  0.2180  0.0100  0.0010  0.3600  1

 1:   0.4995  0.4965  0.0010  0.0010  0.0020  1
 2:   0.5170  0.4800  0.0000  0.0010  0.0020  1
 3:   0.4354  0.2492  0.0000  0.3143  0.0010  1
 4:   0.5115  0.4815  0.0010  0.0010  0.0050  1
 5:   0.5100  0.4460  0.0010  0.0010  0.0420  1
 6:   0.5265  0.4655  0.0010  0.0010  0.0060  1
 7:   0.5080  0.4720  0.0000  0.0010  0.0190  1
 8:   0.5115  0.4835  0.0010  0.0010  0.0030  1
 9:   0.4010  0.0230  0.0010  0.5610  0.0140  1
10:   0.4274  0.0741  0.0020  0.3824  0.1141  1
11:   0.4350  0.1590  0.0040  0.3950  0.0070  1
12:   0.3980  0.0070  0.4070  0.1730  0.0150  1
13:   0.4154  0.0000  0.5846  0.0000  0.0000  1
14:   0.4905  0.2553  0.0240  0.0060  0.2242  1
15:   0.5095  0.3413  0.0020  0.0010  0.1461  1
16:   0.4745  0.2507  0.0010  0.0010  0.2727  1
17:   0.5155  0.2048  0.0010  0.0010  0.2777  1
18:   0.3566  0.0010  0.0020  0.6384  0.0020  1
19:   0.4815  0.2208  0.0010  0.0010  0.2957  1
20:   0.4755  0.1299  0.0010  0.0100  0.3836  1
21:   0.5190  0.0020  0.0010  0.0010  0.4770  1
22:   0.2920  0.0000  0.0010  0.7060  0.0010  1
23:   0.4715  0.0310  0.0010  0.1459  0.3506  1
24:   0.4750  0.2140  0.0190  0.0010  0.2910  1
25:   0.4130  0.2360  0.0080  0.0010  0.3420  1

 1:   0.5090  0.4880  0.0010  0.0010  0.0010  1
 2:   0.5270  0.4700  0.0000  0.0010  0.0020  1
 3:   0.4454  0.2452  0.0000  0.3083  0.0010  1
 4:   0.5205  0.4725  0.0000  0.0010  0.0060  1
 5:   0.5215  0.4294  0.0000  0.0010  0.0480  1
 6:   0.5350  0.4580  0.0010  0.0010  0.0050  1
 7:   0.5160  0.4690  0.0000  0.0010  0.0140  1
 8:   0.5215  0.4735  0.0010  0.0000  0.0040  1
 9:   0.4120  0.0250  0.0010  0.5450  0.0170  1
10:   0.4340  0.0790  0.0020  0.3710  0.1140  1
11:   0.4390  0.1680  0.0020  0.3890  0.0020  1
12:   0.4040  0.0050  0.4110  0.1760  0.0040  1
13:   0.4204  0.0000  0.5796  0.0000  0.0000  1
14:   0.4965  0.2448  0.0260  0.0040  0.2288  1
15:   0.5215  0.3313  0.0030  0.0020  0.1421  1
16:   0.4815  0.2448  0.0010  0.0010  0.2717  1
17:   0.5280  0.2000  0.0010  0.0010  0.2700  1
18:   0.3670  0.0010  0.0020  0.6280  0.0020  1
19:   0.4910  0.2116  0.0010  0.0010  0.2954  1
20:   0.4870  0.1240  0.0000  0.0110  0.3780  1
21:   0.5350  0.0020  0.0010  0.0000  0.4620  1
22:   0.3043  0.0000  0.0000  0.6947  0.0010  1
23:   0.4780  0.0260  0.0010  0.1390  0.3560  1
24:   0.4800  0.2130  0.0250  0.0000  0.2820  1
25:   0.4210  0.2290  0.0110  0.0010  0.3380  1

