 1:   0.0010  0.9920  0.0070  1
 2:   0.0010  0.9960  0.0030  1
 3:   0.3450  0.6540  0.0010  1
 4:   0.0010  0.9740  0.0250  1
 5:   0.0020  0.9720  0.0260  1
 6:   0.0020  0.9860  0.0120  1
 7:   0.0020  0.9441  0.0539  1
 8:   0.0010  0.9910  0.0080  1
 9:   0.6620  0.1670  0.1710  1
10:   0.4106  0.2118  0.3776  1
11:   0.4780  0.4190  0.1030  1
12:   0.4360  0.2190  0.3450  1
13:   0.0660  0.5760  0.3580  1
14:   0.0030  0.6476  0.3493  1
15:   0.0020  0.5425  0.4555  1
16:   0.0010  0.5030  0.4960  1
17:   0.9170  0.0050  0.0780  1
18:   0.0020  0.5520  0.4460  1
19:   0.0260  0.4026  0.5714  1
20:   0.0010  0.2462  0.7528  1
21:   0.9830  0.0020  0.0150  1
22:   0.1310  0.2610  0.6080  1
23:   0.0010  0.6050  0.3940  1
24:   0.0070  0.5155  0.4775  1

 1:   0.0020  0.9900  0.0080  1
 2:   0.0010  0.9960  0.0030  1
 3:   0.3457  0.6523  0.0020  1
 4:   0.0010  0.9570  0.0420  1
 5:   0.0020  0.9680  0.0300  1
 6:   0.0010  0.9780  0.0210  1
 7:   0.0020  0.9420  0.0560  1
 8:   0.0010  0.9920  0.0070  1
 9:   0.6570  0.1750  0.1680  1
10:   0.4090  0.2150  0.3760  1
11:   0.4780  0.4360  0.0860  1
12:   0.4330  0.2120  0.3550  1
13:   0.0470  0.5790  0.3740  1
14:   0.0030  0.6460  0.3510  1
15:   0.0030  0.5400  0.4570  1
16:   0.0010  0.4920  0.5070  1
17:   0.9000  0.0120  0.0880  1
18:   0.0020  0.5470  0.4510  1
19:   0.0210  0.3930  0.5860  1
20:   0.0010  0.2332  0.7658  1
21:   0.9880  0.0030  0.0090  1
22:   0.1320  0.2570  0.6110  1
23:   0.0020  0.5940  0.4040  1
24:   0.0090  0.5060  0.4850  1

 1:   0.0020  0.9830  0.0150  1
 2:   0.0010  0.9920  0.0070  1
 3:   0.3450  0.6530  0.0020  1
 4:   0.0010  0.9550  0.0440  1
 5:   0.0020  0.9630  0.0350  1
 6:   0.0010  0.9730  0.0260  1
 7:   0.0010  0.9350  0.0640  1
 8:   0.0010  0.9800  0.0190  1
 9:   0.6640  0.1660  0.1700  1
10:   0.4030  0.2170  0.3800  1
11:   0.4770  0.4220  0.1010  1
12:   0.4210  0.2180  0.3610  1
13:   0.0390  0.5670  0.3940  1
14:   0.0030  0.6320  0.3650  1
15:   0.0020  0.5250  0.4730  1
16:   0.0010  0.4850  0.5140  1
17:   0.9079  0.0080  0.0841  1
18:   0.0020  0.5310  0.4670  1
19:   0.0190  0.3860  0.5950  1
20:   0.0010  0.2220  0.7770  1
21:   0.9870  0.0030  0.0100  1
22:   0.1379  0.2358  0.6264  1
23:   0.0010  0.5880  0.4110  1
24:   0.0080  0.5005  0.4915  1

 1:   0.0020  0.9890  0.0090  1
 2:   0.0010  0.9950  0.0040  1
 3:   0.3403  0.6587  0.0010  1
 4:   0.0010  0.9640  0.0350  1
 5:   0.0020  0.9630  0.0350  1
 6:   0.0010  0.9760  0.0230  1
 7:   0.0010  0.9430  0.0560  1
 8:   0.0010  0.9890  0.0100  1
 9:   0.6500  0.1820  0.1680  1
10:   0.3940  0.2380  0.3680  1
11:   0.4625  0.4386  0.0989  1
12:   0.4110  0.2270  0.3620  1
13:   0.0500  0.5800  0.3700  1
14:   0.0030  0.6500  0.3470  1
15:   0.0020  0.5440  0.4540  1
16:   0.0010  0.5005  0.4985  1
17:   0.8801  0.0180  0.1019  1
18:   0.0020  0.5504  0.4476  1
19:   0.0210  0.4020  0.5770  1
20:   0.0020  0.2560  0.7420  1
21:   0.9810  0.0040  0.0150  1
22:   0.1270  0.2590  0.6140  1
23:   0.0010  0.6016  0.3974  1
24:   0.0080  0.5130  0.4790  1

 1:   0.0020  0.9920  0.0060  1
 2:   0.0010  0.9940  0.0050  1
 3:   0.3390  0.6600  0.0010  1
 4:   0.0010  0.9740  0.0250  1
 5:   0.0020  0.9790  0.0190  1
 6:   0.0010  0.9860  0.0130  1
 7:   0.0020  0.9490  0.0490  1
 8:   0.0010  0.9860  0.0130  1
 9:   0.6400  0.1710  0.1890  1
10:   0.3940  0.2240  0.3820  1
11:   0.4610  0.4320  0.1070  1
12:   0.4090  0.2240  0.3670  1
13:   0.0320  0.5866  0.3814  1
14:   0.0020  0.6440  0.3540  1
15:   0.0010  0.5420  0.4570  1
16:   0.0010  0.4885  0.5105  1
17:   0.8640  0.0060  0.1300  1
18:   0.0020  0.5475  0.4505  1
19:   0.0220  0.3954  0.5826  1
20:   0.0010  0.2460  0.7530  1
21:   0.9830  0.0020  0.0150  1
22:   0.1250  0.2540  0.6210  1
23:   0.0010  0.5960  0.4030  1
24:   0.0040  0.5150  0.4810  1

