 1:   0.0030  0.4970  0.0010  0.4980  0.0010  1
 2:   0.0020  0.5255  0.0000  0.4725  0.0000  1
 3:   0.0010  0.4480  0.2460  0.3040  0.0010  1
 4:   0.0090  0.5170  0.0010  0.4720  0.0010  1
 5:   0.0210  0.5225  0.0010  0.4545  0.0010  1
 6:   0.0060  0.5380  0.0010  0.4540  0.0010  1
 7:   0.0250  0.5065  0.0010  0.4675  0.0000  1
 8:   0.0030  0.5280  0.0010  0.4670  0.0010  1
 9:   0.1359  0.4106  0.4476  0.0040  0.0020  1
10:   0.3063  0.4224  0.2643  0.0030  0.0040  1
11:   0.1250  0.4460  0.3220  0.1030  0.0040  1
12:   0.0010  0.4600  0.0020  0.0000  0.5370  1
13:   0.3157  0.4905  0.0040  0.1608  0.0290  1
14:   0.2640  0.5190  0.0010  0.2140  0.0020  1
15:   0.3766  0.4795  0.0010  0.1419  0.0010  1
16:   0.3746  0.5305  0.0010  0.0929  0.0010  1
17:   0.0020  0.3780  0.6080  0.0000  0.0120  1
18:   0.3790  0.4910  0.0010  0.1280  0.0010  1
19:   0.4610  0.4770  0.0080  0.0530  0.0010  1
20:   0.4765  0.5195  0.0010  0.0020  0.0010  1
21:   0.0010  0.3220  0.6760  0.0000  0.0010  1
22:   0.4690  0.4760  0.0470  0.0060  0.0020  1
23:   0.3270  0.4840  0.0000  0.1740  0.0150  1
24:   0.4240  0.4130  0.0010  0.1580  0.0040  1

 1:   0.0030  0.5145  0.0010  0.4765  0.0050  1
 2:   0.0050  0.5375  0.0010  0.4555  0.0010  1
 3:   0.0010  0.4600  0.2420  0.2920  0.0050  1
 4:   0.0140  0.5270  0.0010  0.4550  0.0030  1
 5:   0.0230  0.5360  0.0010  0.4340  0.0060  1
 6:   0.0080  0.5445  0.0010  0.4316  0.0150  1
 7:   0.0440  0.5245  0.0010  0.4266  0.0040  1
 8:   0.0080  0.5355  0.0010  0.4486  0.0070  1
 9:   0.0280  0.4340  0.4300  0.0020  0.1060  1
10:   0.2088  0.4476  0.2537  0.0050  0.0849  1
11:   0.0680  0.4670  0.2910  0.0640  0.1100  1
12:   0.0010  0.4950  0.0050  0.0010  0.4980  1
13:   0.1720  0.5130  0.0020  0.0930  0.2200  1
14:   0.2320  0.5320  0.0020  0.2190  0.0150  1
15:   0.3430  0.4940  0.0010  0.1570  0.0050  1
16:   0.3400  0.5450  0.0010  0.1060  0.0080  1
17:   0.0030  0.3926  0.5984  0.0010  0.0050  1
18:   0.3320  0.5050  0.0020  0.1380  0.0230  1
19:   0.2727  0.4995  0.0030  0.0180  0.2068  1
20:   0.4525  0.5395  0.0010  0.0020  0.0050  1
21:   0.0010  0.3330  0.6580  0.0010  0.0070  1
22:   0.2790  0.4970  0.0370  0.0020  0.1850  1
23:   0.2720  0.4990  0.0010  0.1640  0.0640  1
24:   0.2800  0.4290  0.0010  0.1140  0.1760  1

 1:   0.0040  0.6260  0.0000  0.3660  0.0040  1
 2:   0.0010  0.6527  0.0000  0.3453  0.0010  1
 3:   0.0020  0.5500  0.2060  0.2390  0.0030  1
 4:   0.0010  0.6350  0.0000  0.3620  0.0020  1
 5:   0.0030  0.6547  0.0000  0.3393  0.0030  1
 6:   0.0080  0.6480  0.0000  0.3370  0.0070  1
 7:   0.0040  0.6460  0.0000  0.3470  0.0030  1
 8:   0.0010  0.6476  0.0000  0.3443  0.0070  1
 9:   0.0360  0.5470  0.3310  0.0000  0.0860  1
10:   0.0090  0.5760  0.1650  0.0010  0.2490  1
11:   0.0800  0.5900  0.2000  0.0050  0.1250  1
12:   0.0030  0.5826  0.0030  0.0000  0.4114  1
13:   0.3307  0.6573  0.0010  0.0040  0.0070  1
14:   0.0310  0.6820  0.0010  0.1130  0.1730  1
15:   0.2807  0.6633  0.0000  0.0490  0.0070  1
16:   0.2733  0.7127  0.0000  0.0110  0.0030  1
17:   0.0020  0.4845  0.5125  0.0000  0.0010  1
18:   0.1990  0.6730  0.0000  0.0100  0.1180  1
19:   0.3360  0.6580  0.0010  0.0010  0.0040  1
20:   0.2767  0.7143  0.0010  0.0010  0.0070  1
21:   0.0020  0.4174  0.5796  0.0000  0.0010  1
22:   0.3387  0.6464  0.0030  0.0010  0.0110  1
23:   0.3170  0.6440  0.0000  0.0360  0.0030  1
24:   0.4180  0.5630  0.0000  0.0160  0.0030  1

 1:   0.0040  0.4980  0.0010  0.4960  0.0010  1
 2:   0.0030  0.5270  0.0010  0.4690  0.0000  1
 3:   0.0020  0.4505  0.2472  0.3003  0.0000  1
 4:   0.0140  0.5135  0.0010  0.4705  0.0010  1
 5:   0.0270  0.5215  0.0010  0.4496  0.0010  1
 6:   0.0170  0.5265  0.0010  0.4545  0.0010  1
 7:   0.0360  0.5120  0.0010  0.4510  0.0000  1
 8:   0.0120  0.5215  0.0000  0.4655  0.0010  1
 9:   0.1259  0.4226  0.4486  0.0020  0.0010  1
10:   0.2940  0.4330  0.2650  0.0040  0.0040  1
11:   0.1170  0.4500  0.3210  0.1060  0.0060  1
12:   0.0010  0.4555  0.0010  0.0000  0.5425  1
13:   0.3220  0.4950  0.0030  0.1540  0.0260  1
14:   0.2590  0.5260  0.0010  0.2110  0.0030  1
15:   0.3646  0.4905  0.0010  0.1429  0.0010  1
16:   0.3670  0.5410  0.0010  0.0900  0.0010  1
17:   0.0050  0.3836  0.5954  0.0010  0.0150  1
18:   0.3784  0.4955  0.0010  0.1241  0.0010  1
19:   0.4600  0.4930  0.0060  0.0400  0.0010  1
20:   0.4680  0.5300  0.0010  0.0010  0.0000  1
21:   0.0020  0.3250  0.6710  0.0010  0.0010  1
22:   0.4670  0.4900  0.0370  0.0030  0.0030  1
23:   0.3253  0.4945  0.0000  0.1672  0.0130  1
24:   0.4270  0.4170  0.0010  0.1510  0.0040  1

 1:   0.0030  0.4960  0.0000  0.5000  0.0010  1
 2:   0.0010  0.5285  0.0000  0.4705  0.0000  1
 3:   0.0010  0.4470  0.2470  0.3040  0.0010  1
 4:   0.0140  0.5155  0.0000  0.4695  0.0010  1
 5:   0.0230  0.5250  0.0010  0.4500  0.0010  1
 6:   0.0120  0.5310  0.0000  0.4560  0.0010  1
 7:   0.0300  0.5085  0.0010  0.4595  0.0010  1
 8:   0.0070  0.5240  0.0010  0.4670  0.0010  1
 9:   0.1331  0.4154  0.4484  0.0020  0.0010  1
10:   0.3100  0.4260  0.2570  0.0040  0.0030  1
11:   0.1240  0.4520  0.3230  0.0980  0.0030  1
12:   0.0010  0.4540  0.0010  0.0000  0.5440  1
13:   0.3230  0.4930  0.0010  0.1500  0.0330  1
14:   0.2673  0.5235  0.0010  0.2072  0.0010  1
15:   0.3740  0.4820  0.0010  0.1420  0.0010  1
16:   0.3764  0.5325  0.0000  0.0901  0.0010  1
17:   0.0050  0.3770  0.6040  0.0010  0.0130  1
18:   0.3870  0.4920  0.0010  0.1190  0.0010  1
19:   0.4870  0.4850  0.0040  0.0230  0.0010  1
20:   0.4730  0.5240  0.0010  0.0010  0.0010  1
21:   0.0020  0.3233  0.6737  0.0000  0.0010  1
22:   0.4800  0.4780  0.0380  0.0020  0.0020  1
23:   0.3327  0.4885  0.0010  0.1638  0.0140  1
24:   0.4334  0.4144  0.0010  0.1471  0.0040  1

