 1:   0.0010  0.0010  0.9930  0.0050  1
 2:   0.0010  0.0000  0.9960  0.0030  1
 3:   0.3410  0.0000  0.6580  0.0010  1
 4:   0.0010  0.0010  0.9780  0.0200  1
 5:   0.0010  0.0010  0.9810  0.0170  1
 6:   0.0010  0.0010  0.9930  0.0050  1
 7:   0.0010  0.0000  0.9570  0.0420  1
 8:   0.0010  0.0010  0.9900  0.0080  1
 9:   0.6517  0.0010  0.1812  0.1662  1
10:   0.3950  0.0070  0.2310  0.3670  1
11:   0.4590  0.0050  0.4450  0.0910  1
12:   0.0340  0.6354  0.1568  0.1738  1
13:   0.0190  0.0420  0.5896  0.3493  1
14:   0.0010  0.0060  0.6560  0.3370  1
15:   0.0010  0.0010  0.5440  0.4540  1
16:   0.0010  0.0010  0.5030  0.4950  1
17:   0.8860  0.0130  0.0160  0.0850  1
18:   0.0020  0.0000  0.5510  0.4470  1
19:   0.0220  0.0010  0.3950  0.5820  1
20:   0.0010  0.0000  0.2470  0.7520  1
21:   0.9870  0.0010  0.0010  0.0110  1
22:   0.1339  0.0020  0.2557  0.6084  1
23:   0.0010  0.0100  0.6000  0.3890  1
24:   0.0020  0.0080  0.5250  0.4650  1

 1:   0.0010  0.4975  0.4965  0.0050  1
 2:   0.0010  0.4685  0.5275  0.0030  1
 3:   0.2470  0.2980  0.4540  0.0010  1
 4:   0.0010  0.4680  0.5170  0.0140  1
 5:   0.0010  0.4510  0.5290  0.0190  1
 6:   0.0010  0.4550  0.5320  0.0120  1
 7:   0.0020  0.4660  0.5100  0.0220  1
 8:   0.0010  0.4640  0.5260  0.0090  1
 9:   0.4720  0.0030  0.4220  0.1030  1
10:   0.2743  0.0050  0.4334  0.2873  1
11:   0.3313  0.0931  0.4535  0.1221  1
12:   0.1940  0.0020  0.4740  0.3300  1
13:   0.0090  0.1480  0.4930  0.3500  1
14:   0.0030  0.2072  0.5275  0.2623  1
15:   0.0010  0.1550  0.4850  0.3590  1
16:   0.0010  0.0939  0.5355  0.3696  1
17:   0.6124  0.0010  0.3826  0.0040  1
18:   0.0010  0.1301  0.4965  0.3724  1
19:   0.0040  0.0620  0.4890  0.4450  1
20:   0.0010  0.0020  0.5295  0.4675  1
21:   0.6720  0.0010  0.3250  0.0020  1
22:   0.0510  0.0040  0.4850  0.4600  1
23:   0.0010  0.1598  0.4885  0.3506  1
24:   0.0020  0.1490  0.4180  0.4310  1

 1:   0.0010  0.0010  0.9920  0.0060  1
 2:   0.0010  0.0010  0.9930  0.0050  1
 3:   0.3303  0.0000  0.6687  0.0010  1
 4:   0.0000  0.0010  0.9780  0.0210  1
 5:   0.0010  0.0010  0.9630  0.0350  1
 6:   0.0010  0.0020  0.9850  0.0120  1
 7:   0.0010  0.0000  0.9270  0.0720  1
 8:   0.0010  0.0010  0.9880  0.0100  1
 9:   0.6120  0.0010  0.1660  0.2210  1
10:   0.3630  0.0080  0.2190  0.4100  1
11:   0.4240  0.0050  0.4280  0.1430  1
12:   0.0430  0.6386  0.1421  0.1762  1
13:   0.0050  0.0470  0.5750  0.3730  1
14:   0.0020  0.0050  0.6380  0.3550  1
15:   0.0010  0.0010  0.5250  0.4730  1
16:   0.0010  0.0020  0.4875  0.5095  1
17:   0.8242  0.0100  0.0070  0.1588  1
18:   0.0010  0.0010  0.5340  0.4640  1
19:   0.0230  0.0010  0.3750  0.6010  1
20:   0.0010  0.0010  0.2188  0.7792  1
21:   0.9360  0.0010  0.0030  0.0600  1
22:   0.1141  0.0010  0.2382  0.6466  1
23:   0.0010  0.0130  0.5914  0.3946  1
24:   0.0030  0.0100  0.5100  0.4770  1

 1:   0.0010  0.0010  0.9950  0.0030  1
 2:   0.0010  0.0010  0.9960  0.0020  1
 3:   0.3420  0.0000  0.6570  0.0010  1
 4:   0.0000  0.0010  0.9860  0.0130  1
 5:   0.0010  0.0010  0.9760  0.0220  1
 6:   0.0010  0.0020  0.9890  0.0080  1
 7:   0.0000  0.0010  0.9450  0.0540  1
 8:   0.0010  0.0010  0.9940  0.0040  1
 9:   0.6440  0.0010  0.1580  0.1970  1
10:   0.3900  0.0050  0.2120  0.3930  1
11:   0.4550  0.0050  0.4310  0.1090  1
12:   0.0480  0.6484  0.1359  0.1678  1
13:   0.0020  0.0470  0.5790  0.3720  1
14:   0.0010  0.0080  0.6430  0.3480  1
15:   0.0010  0.0010  0.5295  0.4685  1
16:   0.0010  0.0020  0.4850  0.5120  1
17:   0.8830  0.0110  0.0070  0.0990  1
18:   0.0010  0.0000  0.5370  0.4620  1
19:   0.0080  0.0010  0.3860  0.6050  1
20:   0.0010  0.0010  0.2130  0.7850  1
21:   0.9710  0.0010  0.0010  0.0270  1
22:   0.1190  0.0010  0.2410  0.6390  1
23:   0.0010  0.0110  0.5910  0.3970  1
24:   0.0030  0.0060  0.5080  0.4830  1

 1:   0.0010  0.4910  0.5040  0.0040  1
 2:   0.0010  0.4670  0.5290  0.0030  1
 3:   0.2450  0.3000  0.4520  0.0030  1
 4:   0.0010  0.4585  0.5225  0.0180  1
 5:   0.0010  0.4570  0.5260  0.0160  1
 6:   0.0010  0.4454  0.5405  0.0130  1
 7:   0.0010  0.4620  0.5140  0.0230  1
 8:   0.0010  0.4640  0.5240  0.0110  1
 9:   0.4640  0.0040  0.4140  0.1180  1
10:   0.2710  0.0050  0.4390  0.2850  1
11:   0.3360  0.0940  0.4560  0.1140  1
12:   0.2100  0.0010  0.4720  0.3170  1
13:   0.0080  0.1540  0.4870  0.3510  1
14:   0.0010  0.2100  0.5240  0.2650  1
15:   0.0010  0.1540  0.4850  0.3600  1
16:   0.0010  0.0990  0.5300  0.3700  1
17:   0.6156  0.0010  0.3804  0.0030  1
18:   0.0010  0.1280  0.4970  0.3740  1
19:   0.0070  0.0650  0.4860  0.4420  1
20:   0.0010  0.0020  0.5320  0.4650  1
21:   0.6623  0.0010  0.3347  0.0020  1
22:   0.0511  0.0060  0.4855  0.4575  1
23:   0.0010  0.1678  0.4895  0.3417  1
24:   0.0020  0.1540  0.4160  0.4280  1

