 1:   0.0020  0.0000  0.6850  0.3130  1
 2:   0.0010  0.0010  0.7090  0.2890  1
 3:   0.0010  0.2523  0.5946  0.1522  1
 4:   0.0020  0.0000  0.6900  0.3080  1
 5:   0.0110  0.0000  0.7050  0.2840  1
 6:   0.0020  0.0000  0.7020  0.2960  1
 7:   0.0020  0.0010  0.7003  0.2967  1
 8:   0.0010  0.0000  0.6987  0.3003  1
 9:   0.0230  0.4180  0.5580  0.0010  1
10:   0.1410  0.2640  0.5910  0.0040  1
11:   0.0739  0.2937  0.6084  0.0240  1
12:   0.4130  0.0160  0.5710  0.0000  1
13:   0.2450  0.0020  0.6790  0.0740  1
14:   0.1229  0.0010  0.7003  0.1758  1
15:   0.2038  0.0010  0.6753  0.1199  1
16:   0.1978  0.0010  0.7203  0.0809  1
17:   0.0020  0.5160  0.4820  0.0000  1
18:   0.2380  0.0010  0.6810  0.0800  1
19:   0.3167  0.0010  0.6663  0.0160  1
20:   0.2870  0.0000  0.7110  0.0020  1
21:   0.0010  0.5946  0.4044  0.0000  1
22:   0.2967  0.0539  0.6454  0.0040  1
23:   0.2740  0.0000  0.6610  0.0650  1
24:   0.3270  0.0010  0.5850  0.0870  1

 1:   0.0020  0.0000  0.6940  0.3040  1
 2:   0.0010  0.0000  0.7187  0.2803  1
 3:   0.0020  0.2480  0.5990  0.1510  1
 4:   0.0020  0.0000  0.6987  0.2993  1
 5:   0.0090  0.0010  0.7120  0.2780  1
 6:   0.0020  0.0000  0.7080  0.2900  1
 7:   0.0020  0.0010  0.7083  0.2887  1
 8:   0.0030  0.0000  0.7077  0.2893  1
 9:   0.0230  0.4140  0.5610  0.0020  1
10:   0.1360  0.2630  0.5970  0.0040  1
11:   0.0629  0.2907  0.6124  0.0340  1
12:   0.4140  0.0110  0.5750  0.0000  1
13:   0.2537  0.0020  0.6873  0.0569  1
14:   0.1300  0.0010  0.7090  0.1600  1
15:   0.2050  0.0000  0.6860  0.1090  1
16:   0.2050  0.0010  0.7290  0.0650  1
17:   0.0030  0.5120  0.4850  0.0000  1
18:   0.2362  0.0010  0.6897  0.0731  1
19:   0.3117  0.0020  0.6713  0.0150  1
20:   0.2803  0.0000  0.7187  0.0010  1
21:   0.0010  0.5940  0.4050  0.0000  1
22:   0.2893  0.0571  0.6527  0.0010  1
23:   0.2787  0.0010  0.6683  0.0519  1
24:   0.3220  0.0010  0.5920  0.0850  1

 1:   0.0010  0.0000  0.5340  0.4650  1
 2:   0.0000  0.0010  0.5630  0.4360  1
 3:   0.0000  0.3110  0.4830  0.2060  1
 4:   0.0000  0.0000  0.5455  0.4545  1
 5:   0.0000  0.0000  0.5485  0.4515  1
 6:   0.0000  0.0000  0.5590  0.4410  1
 7:   0.0000  0.0000  0.5430  0.4570  1
 8:   0.0010  0.0000  0.5470  0.4520  1
 9:   0.0010  0.5410  0.4350  0.0230  1
10:   0.0020  0.3590  0.4550  0.1840  1
11:   0.0030  0.3584  0.4705  0.1682  1
12:   0.5270  0.0010  0.4720  0.0000  1
13:   0.0370  0.0050  0.5180  0.4400  1
14:   0.0030  0.0010  0.5440  0.4520  1
15:   0.0010  0.0010  0.5010  0.4970  1
16:   0.0010  0.0010  0.5440  0.4540  1
17:   0.0030  0.6090  0.3870  0.0010  1
18:   0.0010  0.0010  0.5100  0.4880  1
19:   0.0010  0.0641  0.5015  0.4334  1
20:   0.0070  0.0010  0.5380  0.4540  1
21:   0.0010  0.6740  0.3250  0.0000  1
22:   0.0010  0.1948  0.4965  0.3077  1
23:   0.0220  0.0010  0.5030  0.4740  1
24:   0.0250  0.0020  0.4400  0.5330  1

 1:   0.0010  0.0010  0.6670  0.3310  1
 2:   0.0010  0.0010  0.6920  0.3060  1
 3:   0.0010  0.2590  0.5800  0.1600  1
 4:   0.0030  0.0000  0.6740  0.3230  1
 5:   0.0100  0.0010  0.6863  0.3027  1
 6:   0.0040  0.0010  0.6830  0.3120  1
 7:   0.0020  0.0010  0.6813  0.3157  1
 8:   0.0030  0.0000  0.6810  0.3160  1
 9:   0.0110  0.4420  0.5440  0.0030  1
10:   0.1201  0.2923  0.5776  0.0100  1
11:   0.0140  0.3230  0.5920  0.0710  1
12:   0.4284  0.0110  0.5606  0.0000  1
13:   0.2298  0.0030  0.6603  0.1069  1
14:   0.1139  0.0010  0.6823  0.2028  1
15:   0.1910  0.0010  0.6580  0.1500  1
16:   0.1940  0.0010  0.7030  0.1020  1
17:   0.0010  0.5265  0.4725  0.0000  1
18:   0.2310  0.0010  0.6630  0.1050  1
19:   0.3137  0.0030  0.6494  0.0340  1
20:   0.3027  0.0010  0.6953  0.0010  1
21:   0.0010  0.6070  0.3920  0.0000  1
22:   0.2993  0.0651  0.6336  0.0020  1
23:   0.2650  0.0000  0.6440  0.0910  1
24:   0.3120  0.0010  0.5690  0.1180  1

 1:   0.0030  0.0000  0.6940  0.3030  1
 2:   0.0010  0.0000  0.7187  0.2803  1
 3:   0.0010  0.2450  0.6010  0.1530  1
 4:   0.0020  0.0000  0.6987  0.2993  1
 5:   0.0120  0.0010  0.7133  0.2737  1
 6:   0.0040  0.0000  0.7097  0.2863  1
 7:   0.0020  0.0010  0.7110  0.2860  1
 8:   0.0020  0.0000  0.7080  0.2900  1
 9:   0.0360  0.4000  0.5610  0.0030  1
10:   0.1480  0.2520  0.5970  0.0030  1
11:   0.0780  0.2790  0.6150  0.0280  1
12:   0.4174  0.0090  0.5736  0.0000  1
13:   0.2500  0.0010  0.6870  0.0620  1
14:   0.1290  0.0010  0.7070  0.1630  1
15:   0.2080  0.0010  0.6860  0.1050  1
16:   0.2040  0.0010  0.7290  0.0660  1
17:   0.0010  0.5100  0.4880  0.0010  1
18:   0.2460  0.0010  0.6890  0.0640  1
19:   0.3137  0.0020  0.6713  0.0130  1
20:   0.2800  0.0010  0.7180  0.0010  1
21:   0.0010  0.5884  0.4096  0.0010  1
22:   0.3020  0.0480  0.6480  0.0020  1
23:   0.2790  0.0010  0.6690  0.0510  1
24:   0.3247  0.0010  0.5934  0.0809  1

