 1:   0.2650  0.0010  0.7340  1
 2:   0.2380  0.0010  0.7610  1
 3:   0.0950  0.2700  0.6350  1
 4:   0.2617  0.0010  0.7373  1
 5:   0.2500  0.0010  0.7490  1
 6:   0.2480  0.0010  0.7510  1
 7:   0.2500  0.0010  0.7490  1
 8:   0.2507  0.0010  0.7483  1
 9:   0.0040  0.4330  0.5630  1
10:   0.0590  0.3320  0.6090  1
11:   0.0360  0.3330  0.6310  1
12:   0.0130  0.3710  0.6160  1
13:   0.2890  0.0070  0.7040  1
14:   0.2660  0.0010  0.7330  1
15:   0.3017  0.0010  0.6973  1
16:   0.2590  0.0010  0.7400  1
17:   0.0010  0.5220  0.4770  1
18:   0.2990  0.0010  0.7000  1
19:   0.3210  0.0060  0.6730  1
20:   0.2790  0.0020  0.7190  1
21:   0.0010  0.5980  0.4010  1
22:   0.2200  0.1250  0.6550  1
23:   0.3180  0.0010  0.6810  1
24:   0.3880  0.0010  0.6110  1

 1:   0.2500  0.0010  0.7490  1
 2:   0.2230  0.0010  0.7760  1
 3:   0.0870  0.2660  0.6470  1
 4:   0.2492  0.0000  0.7508  1
 5:   0.2388  0.0010  0.7602  1
 6:   0.2360  0.0010  0.7630  1
 7:   0.2350  0.0010  0.7640  1
 8:   0.2368  0.0010  0.7622  1
 9:   0.0040  0.4240  0.5720  1
10:   0.0680  0.3160  0.6160  1
11:   0.0310  0.3260  0.6430  1
12:   0.1100  0.2790  0.6110  1
13:   0.2813  0.0060  0.7127  1
14:   0.2570  0.0020  0.7410  1
15:   0.2900  0.0010  0.7090  1
16:   0.2480  0.0010  0.7510  1
17:   0.0010  0.5160  0.4830  1
18:   0.2860  0.0010  0.7130  1
19:   0.3120  0.0060  0.6820  1
20:   0.2690  0.0010  0.7300  1
21:   0.0010  0.5924  0.4066  1
22:   0.2210  0.1150  0.6640  1
23:   0.3080  0.0010  0.6910  1
24:   0.3780  0.0010  0.6210  1

 1:   0.2160  0.0000  0.7840  1
 2:   0.1880  0.0000  0.8120  1
 3:   0.1271  0.2032  0.6697  1
 4:   0.2132  0.0000  0.7868  1
 5:   0.1980  0.0000  0.8020  1
 6:   0.2032  0.0000  0.7968  1
 7:   0.1970  0.0010  0.8020  1
 8:   0.2020  0.0000  0.7980  1
 9:   0.0480  0.3550  0.5970  1
10:   0.1480  0.2130  0.6390  1
11:   0.1220  0.2180  0.6600  1
12:   0.3710  0.0170  0.6120  1
13:   0.2540  0.0010  0.7450  1
14:   0.2228  0.0010  0.7762  1
15:   0.2470  0.0010  0.7520  1
16:   0.2060  0.0010  0.7930  1
17:   0.0020  0.4870  0.5110  1
18:   0.2480  0.0010  0.7510  1
19:   0.2810  0.0010  0.7180  1
20:   0.2320  0.0010  0.7670  1
21:   0.0030  0.5616  0.4354  1
22:   0.2697  0.0390  0.6913  1
23:   0.2710  0.0010  0.7280  1
24:   0.3480  0.0000  0.6520  1

 1:   0.2657  0.0010  0.7333  1
 2:   0.2378  0.0010  0.7612  1
 3:   0.0910  0.2740  0.6350  1
 4:   0.2620  0.0010  0.7370  1
 5:   0.2520  0.0010  0.7470  1
 6:   0.2490  0.0010  0.7500  1
 7:   0.2507  0.0010  0.7483  1
 8:   0.2507  0.0010  0.7483  1
 9:   0.0020  0.4336  0.5644  1
10:   0.0560  0.3360  0.6080  1
11:   0.0290  0.3390  0.6320  1
12:   0.0190  0.3670  0.6140  1
13:   0.2863  0.0130  0.7007  1
14:   0.2670  0.0020  0.7310  1
15:   0.3027  0.0010  0.6963  1
16:   0.2600  0.0010  0.7390  1
17:   0.0010  0.5205  0.4785  1
18:   0.2990  0.0010  0.7000  1
19:   0.3230  0.0050  0.6720  1
20:   0.2790  0.0010  0.7200  1
21:   0.0000  0.5980  0.4020  1
22:   0.2230  0.1240  0.6530  1
23:   0.3187  0.0010  0.6803  1
24:   0.3870  0.0010  0.6120  1

 1:   0.2737  0.0010  0.7253  1
 2:   0.2450  0.0010  0.7540  1
 3:   0.1000  0.2710  0.6290  1
 4:   0.2700  0.0000  0.7300  1
 5:   0.2587  0.0010  0.7403  1
 6:   0.2570  0.0000  0.7430  1
 7:   0.2590  0.0010  0.7400  1
 8:   0.2577  0.0010  0.7413  1
 9:   0.0020  0.4386  0.5594  1
10:   0.0560  0.3420  0.6020  1
11:   0.0350  0.3380  0.6270  1
12:   0.0130  0.3730  0.6140  1
13:   0.2940  0.0100  0.6960  1
14:   0.2737  0.0020  0.7243  1
15:   0.3110  0.0010  0.6880  1
16:   0.2670  0.0010  0.7320  1
17:   0.0010  0.5240  0.4750  1
18:   0.3067  0.0010  0.6923  1
19:   0.3280  0.0060  0.6660  1
20:   0.2850  0.0020  0.7130  1
21:   0.0010  0.6004  0.3986  1
22:   0.2250  0.1250  0.6500  1
23:   0.3250  0.0010  0.6740  1
24:   0.3960  0.0010  0.6030  1

