 1:   0.4895  0.0010  0.0010  0.5065  0.0020  1
 2:   0.4675  0.0000  0.0000  0.5315  0.0010  1
 3:   0.2442  0.0000  0.3013  0.4535  0.0010  1
 4:   0.4765  0.0010  0.0000  0.5165  0.0060  1
 5:   0.4260  0.0000  0.0010  0.5200  0.0530  1
 6:   0.4625  0.0010  0.0010  0.5295  0.0060  1
 7:   0.4800  0.0000  0.0010  0.5120  0.0070  1
 8:   0.4750  0.0010  0.0000  0.5190  0.0050  1
 9:   0.0190  0.0010  0.5315  0.4094  0.0390  1
10:   0.0930  0.0030  0.3540  0.4280  0.1220  1
11:   0.1708  0.0030  0.3746  0.4456  0.0060  1
12:   0.0000  0.5435  0.0010  0.4545  0.0010  1
13:   0.2428  0.0280  0.0030  0.4955  0.2308  1
14:   0.3340  0.0010  0.0010  0.5150  0.1490  1
15:   0.2560  0.0010  0.0000  0.4760  0.2670  1
16:   0.1978  0.0010  0.0010  0.5245  0.2757  1
17:   0.0000  0.0030  0.6146  0.3804  0.0020  1
18:   0.2132  0.0000  0.0010  0.4855  0.3003  1
19:   0.1129  0.0010  0.0130  0.4835  0.3896  1
20:   0.0020  0.0010  0.0000  0.5220  0.4750  1
21:   0.0000  0.0010  0.6850  0.3130  0.0010  1
22:   0.0050  0.0000  0.1291  0.4815  0.3844  1
23:   0.2120  0.0120  0.0010  0.4790  0.2960  1
24:   0.2250  0.0070  0.0010  0.4180  0.3490  1

 1:   0.4700  0.0010  0.0000  0.5260  0.0030  1
 2:   0.4476  0.0000  0.0010  0.5495  0.0020  1
 3:   0.2340  0.0010  0.2960  0.4680  0.0010  1
 4:   0.4500  0.0010  0.0010  0.5360  0.0120  1
 5:   0.4000  0.0000  0.0010  0.5400  0.0590  1
 6:   0.4436  0.0010  0.0010  0.5495  0.0050  1
 7:   0.4515  0.0000  0.0000  0.5325  0.0160  1
 8:   0.4500  0.0010  0.0010  0.5410  0.0070  1
 9:   0.0150  0.0010  0.5285  0.4316  0.0240  1
10:   0.0650  0.0020  0.3540  0.4510  0.1280  1
11:   0.1530  0.0020  0.3720  0.4640  0.0090  1
12:   0.0000  0.5390  0.0010  0.4590  0.0010  1
13:   0.2120  0.0320  0.0020  0.5190  0.2350  1
14:   0.3090  0.0020  0.0010  0.5410  0.1470  1
15:   0.2188  0.0010  0.0010  0.5005  0.2787  1
16:   0.1750  0.0010  0.0010  0.5490  0.2740  1
17:   0.0010  0.0040  0.6090  0.3850  0.0010  1
18:   0.1850  0.0000  0.0010  0.5060  0.3080  1
19:   0.0851  0.0010  0.0050  0.5045  0.4044  1
20:   0.0010  0.0010  0.0000  0.5480  0.4500  1
21:   0.0010  0.0010  0.6800  0.3170  0.0010  1
22:   0.0070  0.0010  0.1200  0.4950  0.3770  1
23:   0.1830  0.0100  0.0010  0.4990  0.3070  1
24:   0.2018  0.0060  0.0010  0.4376  0.3536  1

 1:   0.4825  0.0000  0.0000  0.5145  0.0030  1
 2:   0.4595  0.0000  0.0000  0.5395  0.0010  1
 3:   0.2300  0.0000  0.3080  0.4600  0.0020  1
 4:   0.4660  0.0010  0.0000  0.5240  0.0090  1
 5:   0.4104  0.0000  0.0000  0.5305  0.0591  1
 6:   0.4570  0.0000  0.0010  0.5400  0.0020  1
 7:   0.4670  0.0000  0.0010  0.5230  0.0090  1
 8:   0.4600  0.0010  0.0010  0.5290  0.0090  1
 9:   0.0150  0.0010  0.5540  0.4230  0.0070  1
10:   0.0531  0.0010  0.3764  0.4434  0.1261  1
11:   0.1489  0.0030  0.3866  0.4525  0.0090  1
12:   0.0000  0.5435  0.0010  0.4545  0.0010  1
13:   0.2320  0.0310  0.0020  0.5030  0.2320  1
14:   0.3150  0.0030  0.0020  0.5280  0.1520  1
15:   0.2348  0.0010  0.0010  0.4875  0.2757  1
16:   0.1910  0.0010  0.0010  0.5330  0.2740  1
17:   0.0010  0.0020  0.6210  0.3750  0.0010  1
18:   0.2020  0.0000  0.0010  0.4930  0.3040  1
19:   0.1030  0.0010  0.0160  0.4950  0.3850  1
20:   0.0020  0.0010  0.0000  0.5350  0.4620  1
21:   0.0000  0.0010  0.6870  0.3110  0.0010  1
22:   0.0070  0.0010  0.1400  0.4860  0.3660  1
23:   0.2000  0.0100  0.0000  0.4890  0.3010  1
24:   0.2148  0.0090  0.0010  0.4266  0.3487  1

 1:   0.4865  0.0010  0.0010  0.5095  0.0020  1
 2:   0.4625  0.0010  0.0010  0.5345  0.0010  1
 3:   0.2418  0.0010  0.2987  0.4575  0.0010  1
 4:   0.4700  0.0010  0.0010  0.5190  0.0090  1
 5:   0.4204  0.0000  0.0010  0.5275  0.0511  1
 6:   0.4585  0.0010  0.0000  0.5355  0.0050  1
 7:   0.4670  0.0000  0.0010  0.5200  0.0120  1
 8:   0.4695  0.0010  0.0000  0.5225  0.0070  1
 9:   0.0330  0.0020  0.5310  0.4130  0.0210  1
10:   0.0910  0.0030  0.3620  0.4350  0.1090  1
11:   0.1652  0.0030  0.3744  0.4525  0.0050  1
12:   0.0000  0.5480  0.0010  0.4500  0.0010  1
13:   0.2470  0.0340  0.0060  0.5020  0.2110  1
14:   0.3350  0.0030  0.0010  0.5230  0.1380  1
15:   0.2470  0.0010  0.0010  0.4880  0.2630  1
16:   0.2012  0.0010  0.0010  0.5295  0.2673  1
17:   0.0000  0.0040  0.6166  0.3774  0.0020  1
18:   0.2180  0.0010  0.0010  0.4900  0.2900  1
19:   0.1190  0.0010  0.0140  0.4910  0.3750  1
20:   0.0030  0.0010  0.0010  0.5325  0.4625  1
21:   0.0010  0.0010  0.6863  0.3107  0.0010  1
22:   0.0190  0.0010  0.1400  0.4880  0.3520  1
23:   0.2068  0.0110  0.0010  0.4895  0.2917  1
24:   0.2310  0.0110  0.0010  0.4240  0.3330  1

 1:   0.3300  0.0020  0.0000  0.6670  0.0010  1
 2:   0.3060  0.0020  0.0000  0.6910  0.0010  1
 3:   0.1768  0.0070  0.2338  0.5814  0.0010  1
 4:   0.3260  0.0010  0.0000  0.6700  0.0030  1
 5:   0.3030  0.0060  0.0010  0.6830  0.0070  1
 6:   0.3110  0.0030  0.0000  0.6840  0.0020  1
 7:   0.3130  0.0010  0.0000  0.6800  0.0060  1
 8:   0.3123  0.0030  0.0000  0.6817  0.0030  1
 9:   0.0010  0.1300  0.3210  0.5460  0.0020  1
10:   0.0020  0.2430  0.1710  0.5770  0.0070  1
11:   0.0070  0.2130  0.1860  0.5930  0.0010  1
12:   0.0000  0.4220  0.0010  0.5760  0.0010  1
13:   0.0360  0.2690  0.0000  0.6700  0.0250  1
14:   0.1740  0.1030  0.0000  0.6870  0.0360  1
15:   0.1350  0.0130  0.0000  0.6530  0.1990  1
16:   0.0981  0.0020  0.0000  0.6967  0.2032  1
17:   0.0000  0.0020  0.5120  0.4840  0.0020  1
18:   0.0941  0.1031  0.0000  0.6597  0.1431  1
19:   0.0050  0.2250  0.0010  0.6450  0.1240  1
20:   0.0010  0.0010  0.0000  0.6770  0.3210  1
21:   0.0000  0.0040  0.5856  0.4094  0.0010  1
22:   0.0010  0.3397  0.0010  0.6354  0.0230  1
23:   0.0970  0.0180  0.0000  0.6360  0.2490  1
24:   0.0940  0.1430  0.0010  0.5700  0.1920  1

