 1:   0.0040  0.0060  0.9880  0.0020  1
 2:   0.0050  0.0040  0.9880  0.0030  1
 3:   0.0060  0.0090  0.9830  0.0020  1
 4:   0.0110  0.0090  0.9750  0.0050  1
 5:   0.0090  0.3243  0.6647  0.0020  1
 6:   0.0140  0.2020  0.7790  0.0050  1
 7:   0.0090  0.0210  0.9670  0.0030  1
 8:   0.0150  0.0490  0.9311  0.0050  1
 9:   0.0070  0.0160  0.0030  0.9740  1
10:   0.0400  0.0030  0.0190  0.9379  1
11:   0.2500  0.2890  0.0360  0.4250  1
12:   0.0040  0.4515  0.0020  0.5425  1
13:   0.0090  0.2352  0.0020  0.7538  1
14:   0.0070  0.4800  0.0020  0.5110  1
15:   0.0080  0.4066  0.0030  0.5824  1
16:   0.0040  0.4414  0.0020  0.5526  1
17:   0.0050  0.4830  0.0020  0.5100  1
18:   0.0050  0.4440  0.0020  0.5490  1
19:   0.0060  0.4334  0.0020  0.5586  1
20:   0.0070  0.3500  0.0030  0.6400  1
21:   0.0210  0.0090  0.0080  0.9620  1
22:   0.0090  0.0140  0.0040  0.9730  1
23:   0.0040  0.0060  0.0020  0.9880  1
24:   0.0140  0.9169  0.0020  0.0671  1
25:   0.0050  0.4400  0.0020  0.5530  1

 1:   0.0050  0.0070  0.9860  0.0020  1
 2:   0.0060  0.0040  0.9870  0.0030  1
 3:   0.0060  0.0090  0.9830  0.0020  1
 4:   0.0160  0.0110  0.9690  0.0040  1
 5:   0.0060  0.3280  0.6640  0.0020  1
 6:   0.0220  0.1922  0.7788  0.0070  1
 7:   0.0100  0.0240  0.9630  0.0030  1
 8:   0.0220  0.0450  0.9290  0.0040  1
 9:   0.0150  0.0190  0.0030  0.9630  1
10:   0.0641  0.0030  0.0190  0.9139  1
11:   0.2730  0.2860  0.0270  0.4140  1
12:   0.0050  0.4450  0.0020  0.5480  1
13:   0.0060  0.2400  0.0020  0.7520  1
14:   0.0070  0.4790  0.0030  0.5110  1
15:   0.0090  0.4034  0.0030  0.5846  1
16:   0.0060  0.4310  0.0020  0.5610  1
17:   0.0050  0.4800  0.0020  0.5130  1
18:   0.0050  0.4430  0.0020  0.5500  1
19:   0.0080  0.4260  0.0020  0.5640  1
20:   0.0070  0.3470  0.0030  0.6430  1
21:   0.0360  0.0100  0.0080  0.9459  1
22:   0.0120  0.0150  0.0040  0.9690  1
23:   0.0040  0.0060  0.0020  0.9880  1
24:   0.0200  0.9010  0.0030  0.0760  1
25:   0.0060  0.4320  0.0020  0.5600  1

 1:   0.0040  0.0060  0.9880  0.0020  1
 2:   0.0050  0.0030  0.9900  0.0020  1
 3:   0.0060  0.0070  0.9850  0.0020  1
 4:   0.0100  0.0080  0.9780  0.0040  1
 5:   0.0100  0.3230  0.6650  0.0020  1
 6:   0.0280  0.1890  0.7770  0.0060  1
 7:   0.0090  0.0160  0.9720  0.0030  1
 8:   0.0190  0.0390  0.9380  0.0040  1
 9:   0.0070  0.0120  0.0030  0.9780  1
10:   0.0390  0.0030  0.0170  0.9410  1
11:   0.3740  0.1830  0.0170  0.4260  1
12:   0.0050  0.4424  0.0020  0.5506  1
13:   0.0070  0.2340  0.0020  0.7570  1
14:   0.0080  0.4690  0.0020  0.5210  1
15:   0.0080  0.4050  0.0030  0.5840  1
16:   0.0060  0.4320  0.0020  0.5600  1
17:   0.0060  0.4810  0.0020  0.5110  1
18:   0.0050  0.4374  0.0020  0.5556  1
19:   0.0070  0.4296  0.0030  0.5604  1
20:   0.0070  0.3440  0.0030  0.6460  1
21:   0.0180  0.0090  0.0060  0.9670  1
22:   0.0090  0.0120  0.0030  0.9760  1
23:   0.0030  0.0040  0.0020  0.9910  1
24:   0.0200  0.9050  0.0030  0.0720  1
25:   0.0060  0.4320  0.0020  0.5600  1

 1:   0.0050  0.0070  0.9860  0.0020  1
 2:   0.0060  0.0040  0.9880  0.0020  1
 3:   0.0050  0.0110  0.9810  0.0030  1
 4:   0.0100  0.0120  0.9740  0.0040  1
 5:   0.0060  0.3273  0.6647  0.0020  1
 6:   0.0280  0.1858  0.7782  0.0080  1
 7:   0.0080  0.0250  0.9640  0.0030  1
 8:   0.0160  0.0490  0.9299  0.0050  1
 9:   0.0070  0.0110  0.0030  0.9790  1
10:   0.0380  0.0030  0.0190  0.9400  1
11:   0.3260  0.2570  0.0200  0.3970  1
12:   0.0050  0.4430  0.0020  0.5500  1
13:   0.0060  0.2350  0.0020  0.7570  1
14:   0.0060  0.4750  0.0020  0.5170  1
15:   0.0080  0.4040  0.0020  0.5860  1
16:   0.0050  0.4324  0.0020  0.5606  1
17:   0.0050  0.4810  0.0020  0.5120  1
18:   0.0040  0.4424  0.0020  0.5516  1
19:   0.0060  0.4270  0.0020  0.5650  1
20:   0.0070  0.3440  0.0030  0.6460  1
21:   0.0160  0.0090  0.0090  0.9660  1
22:   0.0090  0.0130  0.0040  0.9740  1
23:   0.0040  0.0050  0.0020  0.9890  1
24:   0.0150  0.9001  0.0030  0.0819  1
25:   0.0060  0.4340  0.0020  0.5580  1

 1:   0.0060  0.0080  0.9840  0.0020  1
 2:   0.0050  0.0040  0.9880  0.0030  1
 3:   0.0050  0.0090  0.9840  0.0020  1
 4:   0.0120  0.0110  0.9730  0.0040  1
 5:   0.0070  0.3240  0.6670  0.0020  1
 6:   0.0200  0.1962  0.7798  0.0040  1
 7:   0.0090  0.0220  0.9660  0.0030  1
 8:   0.0150  0.0509  0.9301  0.0040  1
 9:   0.0100  0.0140  0.0030  0.9730  1
10:   0.0541  0.0030  0.0160  0.9269  1
11:   0.2527  0.2727  0.0400  0.4346  1
12:   0.0060  0.4430  0.0020  0.5490  1
13:   0.0060  0.2352  0.0020  0.7568  1
14:   0.0060  0.4770  0.0020  0.5150  1
15:   0.0080  0.4054  0.0020  0.5846  1
16:   0.0050  0.4340  0.0020  0.5590  1
17:   0.0040  0.4785  0.0020  0.5155  1
18:   0.0050  0.4390  0.0020  0.5540  1
19:   0.0060  0.4300  0.0020  0.5620  1
20:   0.0110  0.3417  0.0030  0.6444  1
21:   0.0250  0.0090  0.0090  0.9570  1
22:   0.0080  0.0130  0.0030  0.9760  1
23:   0.0040  0.0050  0.0020  0.9890  1
24:   0.0150  0.9101  0.0030  0.0719  1
25:   0.0050  0.4364  0.0020  0.5566  1

