 1:   0.0130  0.0030  0.9840  1
 2:   0.0060  0.0040  0.9900  1
 3:   0.0150  0.0040  0.9810  1
 4:   0.0200  0.0080  0.9720  1
 5:   0.3350  0.0040  0.6610  1
 6:   0.2110  0.0070  0.7820  1
 7:   0.0390  0.0050  0.9560  1
 8:   0.0760  0.0070  0.9170  1
 9:   0.0220  0.9740  0.0040  1
10:   0.0060  0.9560  0.0380  1
11:   0.3460  0.5240  0.1300  1
12:   0.4390  0.5580  0.0030  1
13:   0.2380  0.7580  0.0040  1
14:   0.4780  0.5180  0.0040  1
15:   0.4074  0.5886  0.0040  1
16:   0.4334  0.5636  0.0030  1
17:   0.4800  0.5170  0.0030  1
18:   0.4410  0.5560  0.0030  1
19:   0.4334  0.5636  0.0030  1
20:   0.3470  0.6490  0.0040  1
21:   0.0160  0.9690  0.0150  1
22:   0.0200  0.9750  0.0050  1
23:   0.0080  0.9890  0.0030  1
24:   0.8910  0.1040  0.0050  1
25:   0.4330  0.5630  0.0040  1

 1:   0.0140  0.0030  0.9830  1
 2:   0.0060  0.0040  0.9900  1
 3:   0.0140  0.0040  0.9820  1
 4:   0.0200  0.0080  0.9720  1
 5:   0.3360  0.0040  0.6600  1
 6:   0.2070  0.0090  0.7840  1
 7:   0.0370  0.0050  0.9580  1
 8:   0.0741  0.0060  0.9199  1
 9:   0.0200  0.9760  0.0040  1
10:   0.0050  0.9580  0.0370  1
11:   0.3430  0.5260  0.1310  1
12:   0.4334  0.5636  0.0030  1
13:   0.2390  0.7580  0.0030  1
14:   0.4670  0.5290  0.0040  1
15:   0.3930  0.6030  0.0040  1
16:   0.4270  0.5690  0.0040  1
17:   0.4740  0.5230  0.0030  1
18:   0.4350  0.5620  0.0030  1
19:   0.4250  0.5710  0.0040  1
20:   0.3433  0.6527  0.0040  1
21:   0.0130  0.9720  0.0150  1
22:   0.0200  0.9750  0.0050  1
23:   0.0080  0.9890  0.0030  1
24:   0.8810  0.1130  0.0060  1
25:   0.4260  0.5700  0.0040  1

 1:   0.0110  0.0030  0.9860  1
 2:   0.0050  0.0040  0.9910  1
 3:   0.0120  0.0040  0.9840  1
 4:   0.0150  0.0080  0.9770  1
 5:   0.3290  0.0040  0.6670  1
 6:   0.2020  0.0100  0.7880  1
 7:   0.0320  0.0040  0.9640  1
 8:   0.0650  0.0060  0.9290  1
 9:   0.0160  0.9800  0.0040  1
10:   0.0040  0.9650  0.0310  1
11:   0.3586  0.5155  0.1259  1
12:   0.4520  0.5450  0.0030  1
13:   0.2462  0.7508  0.0030  1
14:   0.4805  0.5165  0.0030  1
15:   0.4080  0.5880  0.0040  1
16:   0.4434  0.5536  0.0030  1
17:   0.4840  0.5130  0.0030  1
18:   0.4444  0.5526  0.0030  1
19:   0.4426  0.5534  0.0040  1
20:   0.3530  0.6430  0.0040  1
21:   0.0130  0.9750  0.0120  1
22:   0.0170  0.9780  0.0050  1
23:   0.0080  0.9890  0.0030  1
24:   0.9260  0.0700  0.0040  1
25:   0.4404  0.5566  0.0030  1

 1:   0.0110  0.0030  0.9860  1
 2:   0.0070  0.0040  0.9890  1
 3:   0.0120  0.0040  0.9840  1
 4:   0.0190  0.0070  0.9740  1
 5:   0.3290  0.0030  0.6680  1
 6:   0.2100  0.0080  0.7820  1
 7:   0.0330  0.0050  0.9620  1
 8:   0.0650  0.0070  0.9280  1
 9:   0.0200  0.9770  0.0030  1
10:   0.0060  0.9610  0.0330  1
11:   0.3680  0.5100  0.1220  1
12:   0.4505  0.5465  0.0030  1
13:   0.2442  0.7528  0.0030  1
14:   0.4840  0.5120  0.0040  1
15:   0.4100  0.5860  0.0040  1
16:   0.4410  0.5560  0.0030  1
17:   0.4880  0.5090  0.0030  1
18:   0.4430  0.5540  0.0030  1
19:   0.4400  0.5560  0.0040  1
20:   0.3560  0.6400  0.0040  1
21:   0.0160  0.9730  0.0110  1
22:   0.0190  0.9760  0.0050  1
23:   0.0080  0.9890  0.0030  1
24:   0.9220  0.0740  0.0040  1
25:   0.4430  0.5530  0.0040  1

 1:   0.0140  0.0030  0.9830  1
 2:   0.0060  0.0040  0.9900  1
 3:   0.0170  0.0040  0.9790  1
 4:   0.0180  0.0090  0.9730  1
 5:   0.3360  0.0040  0.6600  1
 6:   0.2118  0.0090  0.7792  1
 7:   0.0410  0.0050  0.9540  1
 8:   0.0789  0.0070  0.9141  1
 9:   0.0210  0.9740  0.0050  1
10:   0.0060  0.9570  0.0370  1
11:   0.3430  0.5250  0.1320  1
12:   0.4414  0.5556  0.0030  1
13:   0.2392  0.7578  0.0030  1
14:   0.4770  0.5200  0.0030  1
15:   0.4060  0.5900  0.0040  1
16:   0.4316  0.5644  0.0040  1
17:   0.4790  0.5180  0.0030  1
18:   0.4390  0.5580  0.0030  1
19:   0.4270  0.5690  0.0040  1
20:   0.3460  0.6500  0.0040  1
21:   0.0150  0.9700  0.0150  1
22:   0.0200  0.9750  0.0050  1
23:   0.0090  0.9880  0.0030  1
24:   0.8950  0.1000  0.0050  1
25:   0.4330  0.5630  0.0040  1

