 1:   0.0040  0.9850  0.0020  0.0040  0.0050  1
 2:   0.0040  0.9870  0.0020  0.0040  0.0030  1
 3:   0.0050  0.9800  0.0020  0.0070  0.0060  1
 4:   0.0090  0.9670  0.0040  0.0120  0.0080  1
 5:   0.0120  0.6570  0.0020  0.0070  0.3220  1
 6:   0.0240  0.7760  0.0040  0.0160  0.1800  1
 7:   0.0080  0.9650  0.0030  0.0060  0.0180  1
 8:   0.0170  0.9280  0.0030  0.0160  0.0360  1
 9:   0.0100  0.0030  0.9660  0.0080  0.0130  1
10:   0.0250  0.0230  0.9251  0.0250  0.0020  1
11:   0.1702  0.0230  0.4304  0.1331  0.2432  1
12:   0.0040  0.0020  0.5650  0.0050  0.4240  1
13:   0.0030  0.0020  0.7580  0.0030  0.2340  1
14:   0.0050  0.0020  0.5205  0.0040  0.4685  1
15:   0.0060  0.0020  0.5926  0.0070  0.3924  1
16:   0.0050  0.0010  0.5660  0.0040  0.4240  1
17:   0.0050  0.0020  0.5220  0.0040  0.4670  1
18:   0.0040  0.0020  0.5590  0.0040  0.4310  1
19:   0.0040  0.0020  0.5640  0.0030  0.4270  1
20:   0.0070  0.0030  0.6500  0.0120  0.3280  1
21:   0.0190  0.0060  0.9471  0.0200  0.0080  1
22:   0.0070  0.0040  0.9690  0.0070  0.0130  1
23:   0.0030  0.0020  0.9870  0.0030  0.0050  1
24:   0.0070  0.0020  0.1050  0.0070  0.8790  1
25:   0.0040  0.0020  0.5620  0.0030  0.4290  1

 1:   0.0030  0.9880  0.0010  0.0040  0.0040  1
 2:   0.0040  0.9870  0.0020  0.0040  0.0030  1
 3:   0.0040  0.9830  0.0020  0.0040  0.0070  1
 4:   0.0090  0.9710  0.0030  0.0080  0.0090  1
 5:   0.0060  0.6653  0.0020  0.0050  0.3217  1
 6:   0.0130  0.7748  0.0050  0.0250  0.1822  1
 7:   0.0070  0.9690  0.0030  0.0070  0.0140  1
 8:   0.0120  0.9371  0.0040  0.0150  0.0320  1
 9:   0.0040  0.0020  0.9780  0.0050  0.0110  1
10:   0.0240  0.0150  0.9291  0.0290  0.0030  1
11:   0.1850  0.0220  0.4100  0.1200  0.2630  1
12:   0.0040  0.0020  0.5450  0.0040  0.4450  1
13:   0.0080  0.0010  0.7550  0.0070  0.2290  1
14:   0.0040  0.0020  0.5145  0.0060  0.4735  1
15:   0.0080  0.0020  0.5830  0.0050  0.4020  1
16:   0.0040  0.0020  0.5574  0.0050  0.4316  1
17:   0.0040  0.0010  0.5105  0.0040  0.4805  1
18:   0.0050  0.0020  0.5520  0.0050  0.4360  1
19:   0.0040  0.0020  0.5600  0.0040  0.4300  1
20:   0.0060  0.0020  0.6450  0.0050  0.3420  1
21:   0.0110  0.0060  0.9620  0.0150  0.0060  1
22:   0.0070  0.0030  0.9740  0.0070  0.0090  1
23:   0.0030  0.0010  0.9890  0.0030  0.0040  1
24:   0.0130  0.0020  0.0681  0.0120  0.9049  1
25:   0.0030  0.0020  0.5594  0.0050  0.4306  1

 1:   0.0040  0.9850  0.0010  0.0040  0.0060  1
 2:   0.0040  0.9870  0.0020  0.0040  0.0030  1
 3:   0.0050  0.9790  0.0020  0.0050  0.0090  1
 4:   0.0080  0.9730  0.0030  0.0080  0.0080  1
 5:   0.0070  0.6610  0.0020  0.0060  0.3240  1
 6:   0.0160  0.7788  0.0040  0.0140  0.1872  1
 7:   0.0060  0.9650  0.0020  0.0080  0.0190  1
 8:   0.0120  0.9270  0.0030  0.0120  0.0460  1
 9:   0.0060  0.0020  0.9790  0.0050  0.0080  1
10:   0.0250  0.0120  0.9271  0.0340  0.0020  1
11:   0.2510  0.0170  0.4080  0.1430  0.1810  1
12:   0.0040  0.0010  0.5576  0.0050  0.4324  1
13:   0.0040  0.0010  0.7608  0.0040  0.2302  1
14:   0.0050  0.0020  0.5220  0.0040  0.4670  1
15:   0.0050  0.0030  0.5920  0.0050  0.3950  1
16:   0.0040  0.0020  0.5630  0.0040  0.4270  1
17:   0.0040  0.0020  0.5165  0.0040  0.4735  1
18:   0.0040  0.0020  0.5560  0.0050  0.4330  1
19:   0.0050  0.0020  0.5680  0.0050  0.4200  1
20:   0.0070  0.0020  0.6480  0.0090  0.3340  1
21:   0.0130  0.0060  0.9630  0.0130  0.0050  1
22:   0.0060  0.0020  0.9770  0.0050  0.0100  1
23:   0.0020  0.0020  0.9890  0.0030  0.0040  1
24:   0.0170  0.0030  0.0769  0.0250  0.8781  1
25:   0.0050  0.0020  0.5620  0.0040  0.4270  1

 1:   0.0030  0.9870  0.0020  0.0030  0.0050  1
 2:   0.0040  0.9870  0.0020  0.0040  0.0030  1
 3:   0.0040  0.9840  0.0020  0.0040  0.0060  1
 4:   0.0060  0.9770  0.0030  0.0060  0.0080  1
 5:   0.0040  0.6670  0.0020  0.0040  0.3230  1
 6:   0.0120  0.7830  0.0060  0.0090  0.1900  1
 7:   0.0060  0.9720  0.0020  0.0060  0.0140  1
 8:   0.0100  0.9420  0.0030  0.0090  0.0360  1
 9:   0.0050  0.0020  0.9760  0.0050  0.0120  1
10:   0.0320  0.0110  0.9269  0.0280  0.0020  1
11:   0.1890  0.0200  0.3860  0.1050  0.3000  1
12:   0.0040  0.0020  0.5335  0.0040  0.4565  1
13:   0.0060  0.0020  0.7443  0.0040  0.2438  1
14:   0.0050  0.0020  0.5120  0.0040  0.4770  1
15:   0.0050  0.0020  0.5744  0.0060  0.4126  1
16:   0.0030  0.0020  0.5544  0.0040  0.4366  1
17:   0.0040  0.0010  0.5025  0.0040  0.4885  1
18:   0.0030  0.0020  0.5460  0.0040  0.4450  1
19:   0.0040  0.0020  0.5514  0.0040  0.4386  1
20:   0.0060  0.0020  0.6420  0.0060  0.3440  1
21:   0.0140  0.0040  0.9610  0.0160  0.0050  1
22:   0.0070  0.0020  0.9760  0.0080  0.0070  1
23:   0.0030  0.0010  0.9890  0.0030  0.0040  1
24:   0.0140  0.0020  0.0400  0.0140  0.9300  1
25:   0.0050  0.0020  0.5499  0.0040  0.4391  1

 1:   0.0030  0.9890  0.0010  0.0030  0.0040  1
 2:   0.0040  0.9870  0.0020  0.0040  0.0030  1
 3:   0.0040  0.9840  0.0020  0.0040  0.0060  1
 4:   0.0070  0.9750  0.0020  0.0080  0.0080  1
 5:   0.0030  0.6650  0.0020  0.0030  0.3270  1
 6:   0.0050  0.7770  0.0040  0.0060  0.2080  1
 7:   0.0080  0.9690  0.0020  0.0060  0.0150  1
 8:   0.0140  0.9369  0.0030  0.0140  0.0320  1
 9:   0.0060  0.0030  0.9750  0.0060  0.0100  1
10:   0.0450  0.0070  0.9099  0.0360  0.0020  1
11:   0.2410  0.0060  0.3870  0.1920  0.1740  1
12:   0.0040  0.0020  0.5500  0.0040  0.4400  1
13:   0.0060  0.0020  0.7542  0.0050  0.2328  1
14:   0.0050  0.0020  0.5195  0.0040  0.4695  1
15:   0.0050  0.0020  0.5824  0.0050  0.4056  1
16:   0.0030  0.0020  0.5546  0.0040  0.4364  1
17:   0.0040  0.0020  0.5115  0.0040  0.4785  1
18:   0.0030  0.0010  0.5526  0.0030  0.4404  1
19:   0.0050  0.0020  0.5610  0.0040  0.4280  1
20:   0.0070  0.0020  0.6440  0.0070  0.3400  1
21:   0.0220  0.0050  0.9510  0.0160  0.0060  1
22:   0.0050  0.0030  0.9760  0.0080  0.0080  1
23:   0.0030  0.0010  0.9900  0.0030  0.0030  1
24:   0.0240  0.0020  0.0610  0.0190  0.8940  1
25:   0.0040  0.0020  0.5570  0.0050  0.4320  1

